label,px,py,pz,a0x,a0y,a0z,a1x,a1y,a1z,r0,r1,r2,sym
other,-0.560,1.437,4.477,0.000,1.000,-0.000,-1.000,0.000,0.000,0.355,0.030,0.478,-1
table,-0.197,3.042,3.325,1.000,0.000,0.000,0.000,1.000,0.000,0.394,0.331,0.362,0
other,1.057,1.597,2.999,-1.000,0.000,0.000,-0.000,-1.000,0.000,1.649,1.450,0.059,-1
other,0.590,-2.852,4.393,-1.000,0.000,0.000,-0.000,-1.000,0.000,0.408,0.024,0.407,-1
sofa,0.043,-2.244,3.526,0.383,0.924,-0.000,-0.924,0.383,0.000,0.463,0.505,0.320,2
picture,2.807,-1.226,4.226,0.000,1.000,-0.000,-1.000,0.000,0.000,0.706,0.208,1.293,1
picture,2.703,1.893,4.442,0.000,1.000,-0.000,-1.000,0.000,0.000,0.769,0.031,0.948,1
bed,1.257,2.188,3.572,-0.000,-1.000,-0.000,1.000,-0.000,0.000,1.190,1.173,0.598,2
table,2.277,3.014,3.416,1.000,0.000,0.000,0.000,1.000,0.000,0.451,0.333,0.443,0
