label,px,py,pz,a0x,a0y,a0z,a1x,a1y,a1z,r0,r1,r2,sym
bed,-0.041,2.039,3.682,0.000,1.000,0.000,-1.000,0.000,0.000,1.050,0.503,0.416,2
sofa,-2.342,-0.672,3.672,0.000,1.000,0.000,-1.000,0.000,0.000,0.602,1.180,0.345,2
table,2.157,3.005,3.697,-0.000,-1.000,-0.000,1.000,0.000,0.000,0.409,0.818,0.401,0
sofa,7.952,1.978,3.500,1.000,0.000,0.000,0.000,1.000,0.000,0.414,0.232,0.197,2
bed,-2.058,2.168,3.696,0.000,1.000,0.000,-1.000,0.000,0.000,1.082,0.504,0.433,2
table,2.849,0.496,3.758,0.000,1.000,0.000,-1.000,0.000,0.000,0.818,0.466,0.494,0
decor,5.627,1.711,2.416,0.707,0.707,0.000,-0.707,0.707,0.000,0.625,0.617,0.110,0
chair,2.170,2.945,3.481,0.000,1.000,0.000,-1.000,0.000,0.000,0.359,0.331,0.186,2
sofa,-0.388,-0.642,3.637,0.000,1.000,0.000,-1.000,0.000,0.000,0.633,0.897,0.386,2
