label,px,py,pz,a0x,a0y,a0z,a1x,a1y,a1z,r0,r1,r2,sym
decor,-7.519,-12.248,0.530,-0.924,0.383,0.000,-0.383,-0.924,0.000,0.684,0.424,0.483,0
sofa,-10.047,-10.913,0.273,0.000,1.000,0.000,-1.000,0.000,0.000,0.656,0.285,0.234,2
storage,-7.119,-10.559,0.619,0.000,1.000,0.000,-1.000,0.000,0.000,0.685,0.306,0.585,1
bed,-11.246,-10.818,0.740,1.000,0.000,0.000,0.000,1.000,0.000,1.396,1.129,0.812,2
table,-12.363,-12.187,0.427,0.000,1.000,-0.000,-1.000,0.000,0.000,0.348,0.267,0.379,0
picture,-6.855,-10.510,1.620,0.000,1.000,-0.000,-1.000,0.000,0.000,0.514,0.051,0.580,1
chair,-7.251,-11.771,0.605,-0.924,0.383,0.000,-0.383,-0.924,0.000,0.475,0.402,0.559,2
chair,-7.250,-9.410,0.548,-1.000,-0.000,-0.000,0.000,-1.000,0.000,0.412,0.325,0.528,2
table,-12.380,-9.333,0.645,0.000,1.000,-0.000,-1.000,0.000,0.000,0.413,0.264,0.598,0
