label,px,py,pz,a0x,a0y,a0z,a1x,a1y,a1z,r0,r1,r2,sym
table,-14.807,-19.271,0.699,-0.924,0.383,0.000,-0.383,-0.924,0.000,0.512,0.193,0.304,0
storage,-12.412,-16.950,0.354,-0.924,0.383,0.000,-0.383,-0.924,0.000,0.688,0.332,0.347,1
picture,-12.258,-16.741,1.472,-0.924,0.383,0.000,-0.383,-0.924,0.000,0.522,0.077,0.727,1
decor,-12.403,-20.043,0.933,-0.707,0.707,0.000,-0.707,-0.707,0.000,0.174,0.103,0.458,0
bed,-13.103,-18.793,0.446,0.383,0.924,0.000,-0.924,0.383,0.000,0.962,0.853,0.427,2
sofa,-14.983,-17.617,0.399,0.924,-0.383,-0.000,0.383,0.924,-0.000,0.432,0.398,0.292,2
sofa,-11.557,-20.124,0.510,-0.383,0.924,0.000,-0.924,-0.383,0.000,0.434,0.406,0.452,2
table,-12.460,-20.096,0.354,-0.924,0.383,0.000,-0.383,-0.924,0.000,0.316,0.268,0.346,0
picture,-15.285,-17.219,1.611,0.383,0.924,-0.000,-0.924,0.383,0.000,0.112,0.020,0.272,1
