label,px,py,pz,a0x,a0y,a0z,a1x,a1y,a1z,r0,r1,r2,sym
picture,-43.344,-7.118,2.052,0.707,0.707,0.000,-0.707,0.707,0.000,0.119,0.064,0.114,1
picture,-44.884,-8.652,1.096,0.707,0.707,-0.000,-0.707,0.707,0.000,0.060,0.042,0.085,1
decor,-43.783,-12.449,1.331,0.924,-0.383,0.000,0.383,0.924,0.000,0.170,0.164,0.120,0
picture,-41.635,-15.135,0.910,0.707,0.707,-0.000,-0.707,0.707,0.000,0.087,0.046,0.099,1
picture,-45.127,-8.902,1.533,0.707,0.707,-0.000,-0.707,0.707,0.000,0.110,0.050,0.168,1
picture,-46.320,-10.098,1.167,0.707,0.707,-0.000,-0.707,0.707,0.000,0.059,0.049,0.082,1
table,-42.417,-11.108,0.457,0.707,0.707,0.000,-0.707,0.707,0.000,3.083,0.846,0.433,0
picture,-44.616,-8.389,1.162,0.707,0.707,-0.000,-0.707,0.707,0.000,0.060,0.045,0.071,1
picture,-40.370,-13.856,1.603,0.707,0.707,-0.000,-0.707,0.707,0.000,0.077,0.046,0.080,1
picture,-39.938,-13.425,1.325,0.707,0.707,-0.000,-0.707,0.707,0.000,0.104,0.050,0.119,1
picture,-46.121,-9.903,1.240,0.707,0.707,0.000,-0.707,0.707,0.000,0.059,0.038,0.056,1
picture,-40.201,-13.696,2.209,0.000,1.000,0.000,-1.000,0.000,0.000,0.067,0.040,0.085,1
picture,-41.636,-15.154,1.385,0.000,1.000,0.000,-1.000,0.000,0.000,0.109,0.084,0.099,1
chair,-43.105,-10.844,0.440,0.707,-0.707,-0.000,0.707,0.707,-0.000,0.258,0.268,0.420,2
picture,-44.606,-8.372,2.304,0.707,0.707,-0.000,-0.707,0.707,0.000,0.059,0.051,0.089,1
picture,-44.351,-8.167,2.058,0.707,0.707,-0.000,-0.707,0.707,0.000,0.067,0.016,0.259,1
picture,-46.610,-10.376,1.345,0.707,0.707,-0.000,-0.707,0.707,0.000,0.072,0.042,0.079,1
picture,-43.622,-7.398,1.943,0.707,0.707,0.000,-0.707,0.707,0.000,0.069,0.048,0.067,1
chair,-40.611,-10.391,0.495,-0.707,0.707,0.000,-0.707,-0.707,0.000,0.161,0.245,0.373,2
picture,-43.647,-7.412,2.235,0.707,0.707,-0.000,-0.707,0.707,0.000,0.106,0.054,0.198,1
decor,-42.431,-11.104,1.330,0.924,-0.383,0.000,0.383,0.924,0.000,0.181,0.174,0.124,0
chair,-43.641,-11.201,0.453,0.707,-0.707,-0.000,0.707,0.707,-0.000,0.154,0.251,0.414,2
picture,-46.591,-10.394,1.914,0.000,1.000,0.000,-1.000,0.000,0.000,0.045,0.039,0.066,1
picture,-43.624,-7.383,0.517,0.707,0.707,-0.000,-0.707,0.707,0.000,0.069,0.043,0.156,1
picture,-46.603,-10.377,2.117,0.707,0.707,-0.000,-0.707,0.707,0.000,0.057,0.046,0.078,1
picture,-43.619,-7.396,1.109,0.707,0.707,-0.000,-0.707,0.707,0.000,0.054,0.025,0.061,1
picture,-43.620,-7.414,1.741,0.924,0.383,0.000,-0.383,0.924,0.000,0.068,0.026,0.061,1
picture,-41.044,-14.540,0.930,0.707,0.707,-0.000,-0.707,0.707,0.000,0.094,0.051,0.099,1
picture,-44.607,-8.384,1.631,0.707,0.707,-0.000,-0.707,0.707,0.000,0.051,0.050,0.068,1
picture,-45.164,-8.918,1.315,0.707,0.707,0.000,-0.707,0.707,0.000,0.069,0.030,0.030,1
picture,-38.767,-12.228,1.073,0.707,0.707,0.000,-0.707,0.707,0.000,0.059,0.044,0.047,1
chair,-44.044,-11.708,0.435,0.707,-0.707,-0.000,0.707,0.707,-0.000,0.239,0.261,0.424,2
picture,-43.345,-7.112,1.726,0.707,0.707,-0.000,-0.707,0.707,0.000,0.087,0.050,0.124,1
picture,-41.066,-14.565,1.193,0.707,0.707,-0.000,-0.707,0.707,0.000,0.101,0.038,0.145,1
picture,-43.347,-7.122,0.692,0.707,0.707,-0.000,-0.707,0.707,0.000,0.113,0.049,0.198,1
picture,-45.872,-9.680,1.904,0.924,0.383,-0.000,-0.383,0.924,0.000,0.053,0.037,0.173,1
picture,-38.755,-12.238,2.006,0.707,0.707,0.000,-0.707,0.707,0.000,0.099,0.048,0.087,1
chair,-43.676,-13.207,0.483,-0.707,0.707,-0.000,-0.707,-0.707,0.000,0.309,0.269,0.374,2
picture,-38.365,-11.846,1.622,0.707,0.707,-0.000,-0.707,0.707,0.000,0.099,0.047,0.099,1
chair,-41.630,-11.328,0.467,-0.707,0.707,0.000,-0.707,-0.707,0.000,0.222,0.310,0.406,2
chair,-42.620,-12.269,0.453,-0.707,0.707,0.000,-0.707,-0.707,0.000,0.219,0.244,0.412,2
chair,-44.547,-12.354,0.484,0.383,-0.924,-0.000,0.924,0.383,-0.000,0.377,0.249,0.381,2
picture,-46.101,-9.901,1.928,0.000,1.000,0.000,-1.000,0.000,0.000,0.062,0.040,0.059,1
picture,-41.075,-14.524,1.568,0.707,0.707,-0.000,-0.707,0.707,0.000,0.094,0.091,0.113,1
picture,-39.384,-12.870,0.705,0.707,0.707,-0.000,-0.707,0.707,0.000,0.077,0.046,0.091,1
picture,-41.340,-14.838,1.063,0.707,0.707,-0.000,-0.707,0.707,0.000,0.089,0.052,0.093,1
picture,-38.375,-11.850,0.910,0.707,0.707,-0.000,-0.707,0.707,0.000,0.089,0.051,0.099,1
picture,-44.602,-8.365,0.909,-0.924,0.383,0.000,-0.383,-0.924,0.000,0.045,0.026,0.080,1
picture,-38.710,-12.192,1.422,0.707,0.707,-0.000,-0.707,0.707,0.000,0.169,0.050,0.235,1
picture,-39.408,-12.890,1.385,0.707,0.707,-0.000,-0.707,0.707,0.000,0.085,0.059,0.099,1
picture,-38.364,-11.846,2.313,0.707,0.707,0.000,-0.707,0.707,0.000,0.099,0.048,0.079,1
picture,-44.361,-8.126,1.174,0.707,0.707,-0.000,-0.707,0.707,0.000,0.053,0.041,0.083,1
picture,-41.644,-15.144,1.641,0.707,0.707,0.000,-0.707,0.707,0.000,0.113,0.054,0.099,1
picture,-39.388,-12.866,1.869,0.924,0.383,-0.000,-0.383,0.924,0.000,0.058,0.045,0.060,1
picture,-45.597,-9.351,1.807,0.707,0.707,-0.000,-0.707,0.707,0.000,0.208,0.042,0.264,1
picture,-46.307,-10.110,2.080,0.000,1.000,0.000,-1.000,0.000,0.000,0.050,0.047,0.058,1
picture,-40.001,-13.445,2.179,0.707,0.707,-0.000,-0.707,0.707,0.000,0.056,0.015,0.122,1
picture,-41.053,-14.549,1.919,0.924,-0.383,-0.000,0.383,0.924,0.000,0.082,0.057,0.158,1
chair,-40.208,-9.840,0.493,-0.924,0.383,0.000,-0.383,-0.924,0.000,0.325,0.498,0.372,2
picture,-46.145,-9.914,0.763,0.707,0.707,-0.000,-0.707,0.707,0.000,0.084,0.043,0.094,1
picture,-45.157,-8.947,1.797,0.707,0.707,-0.000,-0.707,0.707,0.000,0.047,0.040,0.059,1
picture,-39.627,-13.109,1.977,0.707,0.707,-0.000,-0.707,0.707,0.000,0.086,0.050,0.138,1
picture,-44.603,-8.395,1.397,0.707,0.707,0.000,-0.707,0.707,0.000,0.054,0.039,0.053,1
table,-39.075,-7.794,0.464,0.707,-0.707,0.000,0.707,0.707,0.000,0.780,0.472,0.446,0
picture,-39.103,-12.616,1.760,0.707,0.707,-0.000,-0.707,0.707,0.000,0.218,0.044,0.237,1
picture,-45.887,-9.659,1.434,0.707,0.707,-0.000,-0.707,0.707,0.000,0.101,0.055,0.168,1
picture,-46.609,-10.377,1.740,0.707,0.707,-0.000,-0.707,0.707,0.000,0.072,0.041,0.079,1
picture,-46.111,-9.907,1.467,-0.707,0.707,0.000,-0.707,-0.707,0.000,0.055,0.054,0.062,1
picture,-45.158,-8.944,2.172,-0.383,0.924,0.000,-0.924,-0.383,0.000,0.050,0.049,0.063,1
picture,-44.619,-8.385,0.678,0.707,0.707,-0.000,-0.707,0.707,0.000,0.061,0.042,0.084,1
picture,-41.049,-14.544,1.802,0.707,0.707,-0.000,-0.707,0.707,0.000,0.070,0.057,0.082,1
picture,-38.746,-12.234,1.761,0.707,0.707,-0.000,-0.707,0.707,0.000,0.090,0.045,0.120,1
picture,-43.973,-7.747,1.815,0.707,0.707,-0.000,-0.707,0.707,0.000,0.218,0.063,0.331,1
picture,-40.312,-11.370,-0.373,-0.924,0.383,0.000,-0.383,-0.924,0.000,11.648,11.494,3.042,1
chair,-43.146,-12.571,0.480,-0.707,0.707,-0.000,-0.707,-0.707,0.000,0.364,0.263,0.386,2
picture,-38.567,-12.047,0.883,0.707,0.707,-0.000,-0.707,0.707,0.000,0.091,0.049,0.205,1
chair,-42.178,-11.849,0.459,-0.383,0.924,-0.000,-0.924,-0.383,0.000,0.215,0.299,0.418,2
picture,-46.609,-10.380,1.543,0.707,0.707,-0.000,-0.707,0.707,0.000,0.069,0.043,0.079,1
picture,-41.649,-15.154,2.344,0.707,0.707,-0.000,-0.707,0.707,0.000,0.103,0.054,0.109,1
picture,-43.358,-7.116,1.137,0.707,0.707,-0.000,-0.707,0.707,0.000,0.089,0.043,0.109,1
picture,-44.349,-8.148,1.384,0.707,0.707,0.000,-0.707,0.707,0.000,0.063,0.010,0.059,1
picture,-46.316,-10.113,1.873,0.924,-0.383,-0.000,0.383,0.924,0.000,0.053,0.053,0.065,1
picture,-46.371,-10.135,0.821,0.707,0.707,-0.000,-0.707,0.707,0.000,0.124,0.048,0.227,1
picture,-46.594,-10.381,2.323,0.707,0.707,-0.000,-0.707,0.707,0.000,0.054,0.037,0.071,1
chair,-41.029,-8.911,0.481,0.707,-0.707,0.000,0.707,0.707,0.000,0.317,0.262,0.371,2
picture,-45.127,-8.899,1.037,0.707,0.707,-0.000,-0.707,0.707,0.000,0.099,0.051,0.110,1
picture,-38.379,-11.832,1.858,0.707,0.707,-0.000,-0.707,0.707,0.000,0.099,0.072,0.103,1
picture,-39.628,-13.110,1.622,0.707,0.707,-0.000,-0.707,0.707,0.000,0.087,0.047,0.120,1
picture,-44.346,-8.138,0.969,0.707,0.707,-0.000,-0.707,0.707,0.000,0.054,0.019,0.062,1
chair,-42.622,-10.394,0.451,0.707,-0.707,-0.000,0.707,0.707,-0.000,0.263,0.265,0.410,2
picture,-38.574,-12.056,2.066,0.707,0.707,-0.000,-0.707,0.707,0.000,0.079,0.057,0.286,1
picture,-45.900,-9.668,1.047,0.707,0.707,-0.000,-0.707,0.707,0.000,0.067,0.044,0.101,1
picture,-41.636,-15.130,0.637,0.707,0.707,-0.000,-0.707,0.707,0.000,0.109,0.053,0.135,1
picture,-38.356,-11.847,2.096,0.707,0.707,-0.000,-0.707,0.707,0.000,0.104,0.048,0.119,1
picture,-39.395,-12.877,0.940,0.707,0.707,0.000,-0.707,0.707,0.000,0.104,0.049,0.078,1
picture,-40.365,-13.839,1.860,0.707,0.707,0.000,-0.707,0.707,0.000,0.136,0.067,0.120,1
picture,-39.629,-13.115,2.280,0.707,0.707,-0.000,-0.707,0.707,0.000,0.062,0.044,0.112,1
picture,-40.214,-13.659,1.039,0.707,0.707,-0.000,-0.707,0.707,0.000,0.041,0.015,0.171,1
picture,-44.834,-8.719,1.527,0.707,0.707,-0.000,-0.707,0.707,0.000,0.140,0.130,0.164,1
picture,-41.667,-15.127,1.167,0.707,0.707,-0.000,-0.707,0.707,0.000,0.109,0.078,0.119,1
picture,-38.577,-12.041,1.434,0.707,0.707,-0.000,-0.707,0.707,0.000,0.070,0.058,0.247,1
chair,-41.325,-10.948,0.448,-0.707,0.707,0.000,-0.707,-0.707,0.000,0.267,0.400,0.420,2
picture,-38.605,-12.066,0.454,0.707,0.707,-0.000,-0.707,0.707,0.000,0.128,0.046,0.137,1
picture,-46.604,-10.369,1.158,0.707,0.707,-0.000,-0.707,0.707,0.000,0.059,0.040,0.070,1
picture,-46.341,-10.112,1.493,0.707,0.707,-0.000,-0.707,0.707,0.000,0.115,0.053,0.227,1
picture,-46.117,-9.903,1.705,0.707,0.707,-0.000,-0.707,0.707,0.000,0.058,0.038,0.064,1
picture,-43.617,-7.394,0.960,0.707,0.707,-0.000,-0.707,0.707,0.000,0.055,0.028,0.089,1
picture,-39.990,-13.451,1.592,0.707,0.707,0.000,-0.707,0.707,0.000,0.139,0.065,0.129,1
chair,-41.568,-9.367,0.441,0.707,-0.707,-0.000,0.707,0.707,-0.000,0.254,0.275,0.418,2
picture,-43.629,-7.392,1.549,0.707,0.707,0.000,-0.707,0.707,0.000,0.099,0.051,0.085,1
picture,-40.228,-13.644,1.591,0.707,0.707,-0.000,-0.707,0.707,0.000,0.044,0.017,0.167,1
picture,-43.631,-7.399,2.135,0.707,0.707,-0.000,-0.707,0.707,0.000,0.074,0.045,0.083,1
picture,-41.676,-15.140,2.096,0.707,0.707,0.000,-0.707,0.707,0.000,0.112,0.082,0.100,1
picture,-43.612,-7.390,0.654,0.707,0.707,-0.000,-0.707,0.707,0.000,0.057,0.031,0.217,1
picture,-46.318,-10.096,1.393,0.707,0.707,-0.000,-0.707,0.707,0.000,0.057,0.049,0.070,1
picture,-46.610,-10.386,0.960,0.707,0.707,-0.000,-0.707,0.707,0.000,0.065,0.047,0.089,1
picture,-43.634,-7.402,1.360,0.707,0.707,-0.000,-0.707,0.707,0.000,0.070,0.042,0.074,1
picture,-38.372,-11.839,1.142,0.707,0.707,-0.000,-0.707,0.707,0.000,0.099,0.056,0.104,1
picture,-38.365,-11.846,1.385,0.707,0.707,0.000,-0.707,0.707,0.000,0.119,0.047,0.099,1
picture,-44.587,-8.404,2.067,0.707,0.707,0.000,-0.707,0.707,0.000,0.050,0.016,0.050,1
picture,-41.344,-14.847,0.814,0.707,0.707,-0.000,-0.707,0.707,0.000,0.078,0.045,0.102,1
picture,-39.621,-13.106,1.286,0.707,0.707,0.000,-0.707,0.707,0.000,0.099,0.047,0.079,1
picture,-46.122,-9.904,2.163,0.707,0.707,-0.000,-0.707,0.707,0.000,0.053,0.046,0.060,1
picture,-38.728,-12.236,2.264,1.000,0.000,-0.000,0.000,1.000,0.000,0.083,0.049,0.089,1
picture,-40.366,-13.855,1.263,0.707,0.707,-0.000,-0.707,0.707,0.000,0.071,0.044,0.082,1
picture,-40.360,-13.849,1.355,0.707,0.707,-0.000,-0.707,0.707,0.000,0.080,0.049,0.168,1
chair,-42.106,-9.914,0.440,0.707,-0.707,0.000,0.707,0.707,0.000,0.284,0.276,0.412,2
picture,-41.355,-14.833,1.475,0.707,0.707,0.000,-0.707,0.707,0.000,0.174,0.064,0.167,1
picture,-39.985,-13.450,1.068,0.707,0.707,0.000,-0.707,0.707,0.000,0.126,0.060,0.101,1
picture,-40.708,-14.212,1.770,0.707,0.707,-0.000,-0.707,0.707,0.000,0.247,0.053,0.267,1
