label,px,py,pz,a0x,a0y,a0z,a1x,a1y,a1z,r0,r1,r2,sym
table,-9.991,-4.572,3.501,0.000,1.000,0.000,-1.000,0.000,0.000,0.593,0.417,0.413,0
sofa,-7.679,-6.344,3.556,-1.000,-0.000,-0.000,0.000,-1.000,0.000,0.420,0.343,0.509,2
sofa,-7.609,-2.742,3.558,-1.000,-0.000,-0.000,0.000,-1.000,0.000,0.452,0.411,0.504,2
sofa,-12.035,-6.481,3.591,1.000,-0.000,-0.000,0.000,1.000,-0.000,0.385,0.407,0.485,2
sofa,-12.317,-2.866,3.739,1.000,0.000,0.000,0.000,1.000,0.000,0.714,0.390,0.671,2
picture,-7.322,-4.775,5.912,0.000,1.000,-0.000,-1.000,0.000,0.000,0.955,0.129,1.656,1
sofa,-10.129,-2.068,3.621,-0.000,-1.000,0.000,1.000,-0.000,0.000,0.471,1.457,0.567,2
other,-7.340,-4.765,3.698,0.000,1.000,0.000,-1.000,0.000,0.000,1.002,0.322,0.631,-1
sofa,-12.083,-4.699,3.618,1.000,-0.000,-0.000,0.000,1.000,-0.000,0.469,1.528,0.553,2
