label,px,py,pz,a0x,a0y,a0z,a1x,a1y,a1z,r0,r1,r2,sym
other,-13.114,-2.881,-2.817,-1.000,0.000,0.000,0.000,-1.000,0.000,0.295,0.289,0.127,-1
sofa,-13.527,-2.609,-4.408,0.924,-0.383,0.000,0.383,0.924,0.000,0.538,0.515,0.533,2
bed,-11.275,-1.844,-1.819,-0.383,-0.924,-0.000,0.924,-0.383,-0.000,1.481,1.130,0.426,2
chair,-13.671,-3.407,-4.396,1.000,0.000,-0.000,0.000,1.000,0.000,0.506,0.487,0.529,2
sofa,-11.604,-3.405,-4.569,0.707,-0.707,0.000,0.707,0.707,0.000,0.647,0.612,0.519,2
sofa,-10.285,-3.724,-4.590,-0.707,-0.707,-0.000,0.707,-0.707,0.000,0.606,2.124,0.514,2
sofa,-11.690,-4.313,-4.556,1.000,0.000,0.000,0.000,1.000,0.000,0.539,0.529,0.516,2
chair,-13.790,-4.245,-4.394,1.000,0.000,-0.000,0.000,1.000,0.000,0.509,0.472,0.532,2
table,-12.226,-0.230,-1.964,0.924,-0.383,0.000,0.383,0.924,0.000,0.342,0.266,0.252,0
