label,px,py,pz,a0x,a0y,a0z,a1x,a1y,a1z,r0,r1,r2,sym
other,5.361,0.534,5.133,-0.383,-0.924,0.000,0.924,-0.383,0.000,1.176,0.722,0.149,-1
other,-1.050,0.239,5.073,0.000,1.000,0.000,-1.000,0.000,0.000,1.011,0.259,0.140,-1
other,6.428,-3.533,5.111,0.000,1.000,0.000,-1.000,0.000,0.000,1.285,0.194,0.159,-1
other,1.223,0.562,5.051,0.000,1.000,0.000,-1.000,0.000,0.000,1.248,0.098,0.099,-1
other,0.669,-0.716,2.319,0.000,1.000,0.000,-1.000,0.000,0.000,0.137,0.136,0.021,-1
other,5.469,-4.213,2.242,-0.924,0.383,0.000,-0.383,-0.924,0.000,0.078,0.071,0.026,-1
other,5.251,2.063,3.188,-0.707,0.707,0.000,-0.707,-0.707,0.000,0.196,0.179,0.368,-1
other,-1.139,1.108,2.309,1.000,0.000,0.000,0.000,1.000,0.000,0.082,0.070,0.013,-1
other,3.289,0.308,5.105,0.000,1.000,0.000,-1.000,0.000,0.000,1.052,0.193,0.129,-1
