label,px,py,pz,a0x,a0y,a0z,a1x,a1y,a1z,r0,r1,r2,sym
picture,-24.238,8.406,1.574,-1.000,0.000,0.000,-0.000,-1.000,0.000,0.272,0.021,0.325,1
other,-25.253,10.085,1.620,-0.924,0.383,0.000,-0.383,-0.924,0.000,0.161,0.093,0.265,-1
picture,-25.382,9.261,1.588,0.000,1.000,0.000,-1.000,0.000,0.000,0.617,0.056,0.449,1
decor,-25.183,9.910,1.172,1.000,0.000,0.000,0.000,1.000,0.000,0.250,0.210,0.278,0
other,-25.171,8.440,1.768,1.000,0.000,0.000,0.000,1.000,0.000,0.093,0.049,0.116,-1
other,-25.033,9.268,0.871,-0.383,0.924,0.000,-0.924,-0.383,0.000,0.240,0.210,0.083,-1
other,-25.052,10.774,0.515,1.000,0.000,0.000,0.000,1.000,0.000,0.393,0.279,0.193,-1
other,-25.073,9.252,0.969,0.000,1.000,0.000,-1.000,0.000,0.000,0.853,0.367,0.113,-1
picture,-24.105,11.213,1.641,1.000,0.000,0.000,0.000,1.000,0.000,0.264,0.023,0.325,1
