label,px,py,pz,a0x,a0y,a0z,a1x,a1y,a1z,r0,r1,r2,sym
decor,17.852,-2.621,4.833,0.000,1.000,0.000,-1.000,0.000,0.000,0.333,0.093,0.224,0
other,17.853,-2.361,4.120,1.000,0.000,0.000,0.000,1.000,0.000,1.175,0.310,0.400,-1
other,16.167,-2.100,3.775,0.924,0.383,-0.000,-0.383,0.924,0.000,0.228,0.122,0.236,-1
other,18.499,-2.347,4.340,1.000,0.000,0.000,0.000,1.000,0.000,0.266,0.166,0.078,-1
other,17.260,-2.350,4.353,-1.000,0.000,0.000,-0.000,-1.000,0.000,0.261,0.179,0.073,-1
other,17.844,-2.367,4.463,1.000,0.000,0.000,0.000,1.000,0.000,1.181,0.322,0.127,-1
other,19.703,-0.207,3.906,-0.707,0.707,0.000,-0.707,-0.707,0.000,0.106,0.081,0.130,-1
other,19.039,0.247,3.956,1.000,0.000,0.000,0.000,1.000,0.000,0.995,0.697,0.332,-1
other,19.830,-0.283,3.889,0.383,0.924,0.000,-0.924,0.383,0.000,0.149,0.104,0.113,-1
