label,px,py,pz,a0x,a0y,a0z,a1x,a1y,a1z,r0,r1,r2,sym
decor,9.011,3.835,0.836,-1.000,0.000,0.000,-0.000,-1.000,0.000,0.213,0.088,0.055,0
decor,4.507,1.325,0.255,-0.383,-0.924,0.000,0.924,-0.383,0.000,0.196,0.152,0.246,0
decor,9.477,3.746,0.991,1.000,0.000,0.000,0.000,1.000,0.000,0.172,0.169,0.213,0
decor,10.912,3.496,0.153,1.000,0.000,0.000,0.000,1.000,0.000,0.143,0.127,0.156,0
chair,5.759,1.375,0.538,0.000,1.000,-0.000,-1.000,0.000,0.000,0.435,1.072,0.520,2
storage,9.130,3.702,0.777,-0.000,-1.000,0.000,1.000,-0.000,0.000,0.226,1.175,0.322,1
decor,5.854,1.002,1.786,-1.000,0.000,0.000,-0.000,-1.000,0.000,1.456,0.068,0.625,0
decor,7.150,1.324,0.266,1.000,0.000,0.000,0.000,1.000,0.000,0.264,0.159,0.249,0
decor,8.415,3.670,1.183,-0.924,-0.383,0.000,0.383,-0.924,0.000,0.121,0.067,0.333,0
