label,px,py,pz,a0x,a0y,a0z,a1x,a1y,a1z,r0,r1,r2,sym
picture,-8.772,6.031,1.571,1.000,0.000,-0.000,0.000,1.000,0.000,0.149,0.020,0.157,1
picture,-5.884,6.093,1.686,-1.000,0.000,0.000,0.000,-1.000,0.000,0.511,0.033,0.466,1
picture,-8.362,6.027,1.933,-1.000,0.000,0.000,0.000,-1.000,0.000,0.195,0.022,0.184,1
picture,-12.782,4.851,1.634,-0.707,0.707,0.000,-0.707,-0.707,0.000,0.207,0.020,0.161,1
picture,-13.083,5.168,1.646,-0.707,0.707,0.000,-0.707,-0.707,0.000,0.575,0.029,0.173,1
picture,-13.197,7.022,1.600,0.707,-0.707,0.000,0.707,0.707,0.000,0.311,0.014,0.310,1
picture,-13.186,5.276,1.669,-0.707,0.707,0.000,-0.707,-0.707,0.000,0.379,0.021,0.173,1
picture,-5.413,4.744,1.588,1.000,0.000,-0.000,0.000,1.000,0.000,0.389,0.028,0.414,1
other,-4.897,5.114,1.612,0.000,1.000,0.000,-1.000,0.000,0.000,1.279,0.182,1.597,-1
