label,px,py,pz,a0x,a0y,a0z,a1x,a1y,a1z,r0,r1,r2,sym
picture,3.339,-11.138,4.329,0.707,0.707,-0.000,-0.707,0.707,0.000,0.636,0.039,0.644,1
chair,6.031,-12.526,3.546,1.000,0.000,0.000,0.000,1.000,0.000,0.320,0.310,0.214,2
chair,4.035,-14.993,3.310,0.383,0.924,0.000,-0.924,0.383,0.000,0.701,0.552,0.518,2
picture,4.490,-18.007,4.404,0.707,-0.707,0.000,0.707,0.707,0.000,1.092,0.194,0.742,1
table,5.410,-12.672,3.402,-0.707,-0.707,-0.000,0.707,-0.707,0.000,0.699,1.002,0.592,0
storage,3.420,-11.230,3.229,0.707,-0.707,-0.000,0.707,0.707,-0.000,0.163,0.929,0.437,1
storage,4.787,-17.802,3.469,0.707,0.707,0.000,-0.707,0.707,0.000,0.510,1.008,0.644,1
table,4.431,-15.281,3.054,-1.000,0.000,0.000,0.000,-1.000,0.000,0.339,0.325,0.270,0
storage,4.808,-10.298,3.335,0.707,0.707,-0.000,-0.707,0.707,0.000,0.497,0.486,0.541,1
