label,px,py,pz,a0x,a0y,a0z,a1x,a1y,a1z,r0,r1,r2,sym
storage,-6.951,5.821,0.808,1.000,0.000,0.000,0.000,1.000,0.000,0.604,0.078,1.237,1
picture,-5.811,7.775,1.050,0.000,1.000,-0.000,-1.000,0.000,0.000,0.371,0.035,0.382,1
table,-6.007,7.787,0.155,0.000,1.000,0.000,-1.000,0.000,0.000,0.783,0.243,0.127,0
bed,-9.217,7.345,-0.122,1.000,-0.000,-0.000,0.000,1.000,-0.000,1.269,0.961,0.318,2
table,-10.236,6.119,-0.214,1.000,0.000,0.000,0.000,1.000,0.000,0.272,0.210,0.219,0
chair,-6.098,7.771,0.085,1.000,0.000,0.000,0.000,1.000,0.000,0.304,0.278,0.299,2
picture,-8.048,5.863,1.039,1.000,0.000,0.000,0.000,1.000,0.000,0.369,0.026,0.371,1
table,-10.148,8.598,-0.220,0.000,1.000,0.000,-1.000,0.000,0.000,0.303,0.290,0.219,0
picture,-10.433,7.372,1.234,0.000,1.000,0.000,-1.000,0.000,0.000,0.559,0.042,0.490,1
