label,px,py,pz,a0x,a0y,a0z,a1x,a1y,a1z,r0,r1,r2,sym
other,-12.909,1.751,1.066,-0.924,0.383,0.000,-0.383,-0.924,0.000,0.191,0.139,0.152,-1
other,-13.186,1.768,0.987,-0.383,0.924,0.000,-0.924,-0.383,0.000,0.202,0.193,0.107,-1
other,-10.863,0.520,1.248,0.000,1.000,0.000,-1.000,0.000,0.000,0.817,0.261,0.061,-1
picture,-12.637,-1.175,1.994,0.000,1.000,-0.000,-1.000,0.000,0.000,0.190,0.035,0.193,1
picture,-13.423,-0.950,2.113,-1.000,0.000,0.000,-0.000,-1.000,0.000,0.435,0.022,0.559,1
other,-10.851,-0.758,1.186,0.000,1.000,0.000,-1.000,0.000,0.000,0.481,0.277,0.107,-1
other,-13.809,1.578,1.013,-0.383,-0.924,0.000,0.924,-0.383,0.000,0.143,0.104,0.092,-1
other,-10.941,0.261,1.022,0.000,1.000,0.000,-1.000,0.000,0.000,1.460,0.197,0.284,-1
picture,-10.632,0.575,2.242,0.000,1.000,-0.000,-1.000,0.000,0.000,1.809,0.108,1.866,1
