label,px,py,pz,a0x,a0y,a0z,a1x,a1y,a1z,r0,r1,r2,sym
chair,14.302,-0.742,3.530,0.000,1.000,0.000,-1.000,0.000,0.000,0.281,0.268,0.241,2
decor,14.357,-1.759,1.038,1.000,0.000,0.000,0.000,1.000,0.000,0.098,0.094,0.111,0
other,14.604,-0.814,1.001,1.000,0.000,0.000,0.000,1.000,0.000,0.344,0.174,0.233,-1
decor,14.302,-2.113,1.811,0.000,1.000,0.000,-1.000,0.000,0.000,0.287,0.012,0.029,0
other,14.561,-2.098,0.854,0.000,1.000,0.000,-1.000,0.000,0.000,0.454,0.289,0.087,-1
picture,14.258,-2.139,1.557,0.000,1.000,-0.000,-1.000,0.000,0.000,0.423,0.016,0.503,1
chair,15.059,-0.698,3.551,0.000,1.000,0.000,-1.000,0.000,0.000,0.274,0.270,0.221,2
decor,14.373,-2.429,1.015,0.000,1.000,0.000,-1.000,0.000,0.000,0.125,0.114,0.087,0
picture,14.300,-1.257,1.364,0.000,1.000,-0.000,-1.000,0.000,0.000,0.278,0.046,0.370,1
