label,px,py,pz,a0x,a0y,a0z,a1x,a1y,a1z,r0,r1,r2,sym
storage,9.800,-5.353,1.473,0.000,1.000,-0.000,-1.000,0.000,0.000,0.172,0.070,0.216,1
other,8.146,-7.737,0.563,-1.000,0.000,0.000,-0.000,-1.000,0.000,0.139,0.077,0.269,-1
other,9.369,-7.722,1.500,1.000,0.000,0.000,0.000,1.000,0.000,0.281,0.084,0.252,-1
chair,6.350,-6.797,0.273,0.000,1.000,0.000,-1.000,0.000,0.000,0.263,0.199,0.242,2
picture,6.303,-6.272,1.440,0.000,1.000,-0.000,-1.000,0.000,0.000,0.196,0.145,0.250,1
other,9.007,-6.177,0.487,-1.000,0.000,0.000,-0.000,-1.000,0.000,0.283,0.141,0.315,-1
picture,7.143,-7.833,1.540,-1.000,0.000,0.000,-0.000,-1.000,0.000,0.693,0.069,0.493,1
other,6.473,-7.723,1.695,1.000,0.000,0.000,0.000,1.000,0.000,0.186,0.101,0.176,-1
other,8.981,-6.639,0.479,0.000,1.000,0.000,-1.000,0.000,0.000,0.216,0.079,0.152,-1
