label,px,py,pz,a0x,a0y,a0z,a1x,a1y,a1z,r0,r1,r2,sym
table,-13.377,-0.075,0.350,0.000,1.000,-0.000,-1.000,0.000,0.000,0.323,0.314,0.364,0
sofa,-11.872,0.258,0.417,-0.000,-1.000,-0.000,1.000,0.000,0.000,0.549,0.811,0.430,2
sofa,-13.233,-1.027,0.390,1.000,-0.000,-0.000,0.000,1.000,-0.000,0.463,0.853,0.413,2
sofa,-12.402,-2.688,0.465,0.383,0.924,-0.000,-0.924,0.383,0.000,0.446,0.406,0.477,2
table,-11.913,0.888,0.399,-1.000,0.000,0.000,-0.000,-1.000,0.000,0.423,0.325,0.410,0
table,-11.811,-1.338,0.269,0.000,1.000,0.000,-1.000,0.000,0.000,0.627,0.605,0.279,0
sofa,-11.131,-2.648,0.475,-0.383,0.924,0.000,-0.924,-0.383,0.000,0.448,0.429,0.467,2
table,-13.416,-2.171,0.235,1.000,0.000,0.000,0.000,1.000,0.000,0.276,0.268,0.249,0
table,-10.885,0.097,0.262,0.000,1.000,0.000,-1.000,0.000,0.000,0.272,0.248,0.252,0
