label,px,py,pz,a0x,a0y,a0z,a1x,a1y,a1z,r0,r1,r2,sym
storage,-13.211,-0.305,1.550,-1.000,0.000,0.000,-0.000,-1.000,0.000,0.267,0.152,0.671,1
other,-11.798,1.762,0.339,-1.000,-0.000,-0.000,0.000,-1.000,0.000,0.383,0.273,0.374,-1
storage,-11.705,-0.340,1.550,1.000,0.000,0.000,0.000,1.000,0.000,0.269,0.182,0.662,1
other,-14.903,0.994,0.266,0.000,1.000,0.000,-1.000,0.000,0.000,1.228,0.743,0.318,-1
other,-11.512,0.866,0.711,0.000,1.000,0.000,-1.000,0.000,0.000,0.329,0.093,0.322,-1
picture,-11.462,0.865,1.719,0.000,1.000,-0.000,-1.000,0.000,0.000,0.388,0.036,0.390,1
decor,-15.625,1.633,0.909,0.383,0.924,-0.000,-0.924,0.383,0.000,0.417,0.202,0.505,0
other,-12.374,-0.077,0.703,0.707,0.707,0.000,-0.707,0.707,0.000,0.240,0.201,0.149,-1
other,-13.824,-0.346,0.736,-1.000,0.000,0.000,-0.000,-1.000,0.000,0.178,0.087,0.286,-1
