label,px,py,pz,a0x,a0y,a0z,a1x,a1y,a1z,r0,r1,r2,sym
decor,8.771,-6.595,1.091,-0.924,0.383,0.000,-0.383,-0.924,0.000,0.283,0.176,0.403,0
chair,7.955,-6.159,0.583,-0.000,-1.000,-0.000,1.000,0.000,0.000,0.312,0.234,0.278,2
other,8.736,-6.581,-0.016,1.000,0.000,0.000,0.000,1.000,0.000,1.674,1.198,0.039,-1
chair,9.637,-6.816,0.577,0.000,1.000,0.000,-1.000,0.000,0.000,0.357,0.247,0.277,2
chair,8.783,-6.765,0.584,0.000,1.000,0.000,-1.000,0.000,0.000,0.399,0.270,0.267,2
picture,6.607,-2.787,1.506,1.000,0.000,0.000,0.000,1.000,0.000,0.411,0.027,0.650,1
chair,9.622,-6.319,0.584,-0.000,-1.000,-0.000,1.000,0.000,0.000,0.378,0.241,0.275,2
chair,8.022,-6.870,0.584,0.000,1.000,0.000,-1.000,0.000,0.000,0.289,0.244,0.275,2
chair,8.782,-6.149,0.597,-0.000,-1.000,-0.000,1.000,0.000,0.000,0.296,0.223,0.275,2
