label,px,py,pz,a0x,a0y,a0z,a1x,a1y,a1z,r0,r1,r2,sym
storage,-12.625,2.552,4.361,1.000,0.000,0.000,0.000,1.000,0.000,0.788,0.406,1.252,1
chair,-12.848,-0.513,3.612,0.383,0.924,-0.000,-0.924,0.383,0.000,0.271,0.293,0.388,2
chair,-12.823,1.377,3.555,-0.000,-1.000,-0.000,1.000,0.000,0.000,0.365,0.367,0.433,2
storage,-9.350,3.140,5.000,-0.000,-1.000,-0.000,1.000,0.000,0.000,0.209,1.163,1.063,1
table,-12.731,0.206,3.559,0.000,1.000,0.000,-1.000,0.000,0.000,0.964,0.724,0.418,0
picture,-8.194,0.897,4.385,0.000,1.000,-0.000,-1.000,0.000,0.000,0.406,0.024,0.694,1
picture,-13.395,1.971,4.683,0.000,1.000,-0.000,-1.000,0.000,0.000,0.251,0.016,0.323,1
tv,-9.792,3.103,4.456,-0.000,-1.000,0.000,1.000,-0.000,0.000,0.217,0.745,0.515,2
picture,-10.460,-1.665,4.748,-1.000,0.000,0.000,-0.000,-1.000,0.000,0.573,0.061,0.542,1
