label,px,py,pz,a0x,a0y,a0z,a1x,a1y,a1z,r0,r1,r2,sym
chair,-0.400,-1.874,0.638,-0.383,-0.924,0.000,0.924,-0.383,0.000,0.297,0.326,0.387,2
other,-0.703,-3.328,2.101,1.000,0.000,0.000,0.000,1.000,0.000,0.150,0.079,0.115,-1
storage,-4.549,-3.940,1.922,0.000,1.000,0.000,-1.000,0.000,0.000,0.657,0.220,0.559,1
picture,-1.062,-1.365,1.559,-1.000,0.000,0.000,-0.000,-1.000,0.000,0.251,0.027,0.390,1
table,-1.105,-1.767,0.703,1.000,0.000,0.000,0.000,1.000,0.000,0.189,0.178,0.079,0
chair,-1.859,-1.822,0.473,0.707,-0.707,-0.000,0.707,0.707,-0.000,0.248,0.317,0.232,2
storage,-4.557,-3.963,0.733,0.000,1.000,0.000,-1.000,0.000,0.000,0.676,0.338,0.662,1
other,2.990,-3.324,2.070,1.000,0.000,0.000,0.000,1.000,0.000,0.157,0.080,0.105,-1
picture,-1.450,-1.367,1.577,1.000,0.000,0.000,0.000,1.000,0.000,0.178,0.024,0.346,1
