label,px,py,pz,a0x,a0y,a0z,a1x,a1y,a1z,r0,r1,r2,sym
decor,0.908,0.528,4.445,1.000,0.000,0.000,0.000,1.000,0.000,0.280,0.013,0.155,0
decor,1.276,0.537,5.094,1.000,0.000,0.000,0.000,1.000,0.000,0.330,0.015,0.154,0
decor,1.149,0.535,4.772,-1.000,0.000,0.000,-0.000,-1.000,0.000,0.190,0.016,0.114,0
other,0.492,-2.860,1.933,0.000,1.000,0.000,-1.000,0.000,0.000,0.168,0.077,0.060,-1
decor,1.427,0.531,4.440,-1.000,0.000,0.000,-0.000,-1.000,0.000,0.128,0.004,0.158,0
decor,0.735,0.532,4.938,-1.000,0.000,0.000,-0.000,-1.000,0.000,0.134,0.014,0.229,0
picture,0.434,-2.863,1.281,0.000,1.000,-0.000,-1.000,0.000,0.000,0.159,0.020,0.470,1
picture,1.502,0.538,4.946,1.000,0.000,0.000,0.000,1.000,0.000,0.074,0.008,0.106,1
other,2.406,-0.926,1.307,0.000,1.000,0.000,-1.000,0.000,0.000,1.375,0.071,0.633,-1
