label,px,py,pz,a0x,a0y,a0z,a1x,a1y,a1z,r0,r1,r2,sym
picture,4.917,1.378,-1.907,0.000,1.000,0.000,-1.000,0.000,0.000,0.406,0.111,0.394,1
decor,5.044,0.959,-2.266,1.000,0.000,0.000,0.000,1.000,0.000,0.249,0.213,0.332,0
other,6.969,0.108,-1.918,0.000,1.000,-0.000,-1.000,0.000,0.000,0.165,0.065,0.360,-1
other,5.103,0.695,-3.301,0.000,1.000,0.000,-1.000,0.000,0.000,0.224,0.187,0.222,-1
other,5.221,1.337,-2.680,0.000,1.000,0.000,-1.000,0.000,0.000,0.208,0.157,0.074,-1
other,5.187,-0.004,-3.248,1.000,0.000,0.000,0.000,1.000,0.000,0.272,0.210,0.253,-1
other,5.005,0.668,-2.781,0.000,1.000,-0.000,-1.000,0.000,0.000,0.126,0.094,0.214,-1
other,5.188,1.275,-2.585,0.000,1.000,0.000,-1.000,0.000,0.000,0.473,0.286,0.064,-1
other,5.039,-0.305,-3.399,-0.924,-0.383,0.000,0.383,-0.924,0.000,0.160,0.112,0.122,-1
