label,px,py,pz,a0x,a0y,a0z,a1x,a1y,a1z,r0,r1,r2,sym
storage,11.134,2.428,0.474,0.000,1.000,0.000,-1.000,0.000,0.000,1.293,0.072,0.451,1
picture,10.828,0.778,2.349,0.000,1.000,-0.000,-1.000,0.000,0.000,0.211,0.057,0.703,1
storage,10.874,3.699,1.100,1.000,0.000,0.000,0.000,1.000,0.000,0.338,0.230,0.987,1
storage,10.660,2.999,1.512,1.000,-0.000,-0.000,0.000,1.000,-0.000,0.128,0.534,0.134,1
table,10.912,-0.074,0.474,0.000,1.000,0.000,-1.000,0.000,0.000,0.563,0.364,0.459,0
other,10.870,2.279,0.946,0.000,1.000,0.000,-1.000,0.000,0.000,1.269,0.331,0.278,-1
storage,10.637,1.410,1.545,1.000,-0.000,-0.000,0.000,1.000,-0.000,0.098,0.245,0.157,1
storage,10.628,3.004,1.773,1.000,-0.000,-0.000,0.000,1.000,-0.000,0.102,0.537,0.101,1
other,10.849,2.078,0.783,0.000,1.000,0.000,-1.000,0.000,0.000,0.356,0.223,0.164,-1
