label,px,py,pz,a0x,a0y,a0z,a1x,a1y,a1z,r0,r1,r2,sym
sofa,1.570,-2.955,3.380,1.000,-0.000,-0.000,0.000,1.000,-0.000,0.641,1.329,0.487,2
picture,4.964,-1.497,1.544,-1.000,0.000,0.000,-0.000,-1.000,0.000,0.643,0.047,1.264,1
decor,1.362,-5.962,1.149,-1.000,0.000,0.000,-0.000,-1.000,0.000,0.328,0.237,1.168,0
picture,2.185,-1.621,-0.526,1.000,0.000,0.000,0.000,1.000,0.000,0.190,0.020,0.139,1
picture,2.580,-1.630,-0.533,1.000,0.000,0.000,0.000,1.000,0.000,0.194,0.032,0.165,1
other,3.654,-5.632,3.582,1.000,0.000,0.000,0.000,1.000,0.000,0.686,0.549,0.648,-1
decor,5.011,-1.951,0.906,1.000,0.000,0.000,0.000,1.000,0.000,0.340,0.338,0.950,0
picture,3.306,-1.465,1.828,-1.000,0.000,0.000,-0.000,-1.000,0.000,1.041,0.046,0.723,1
picture,2.891,-1.629,-0.496,-1.000,0.000,0.000,-0.000,-1.000,0.000,0.148,0.033,0.146,1
