label,px,py,pz,a0x,a0y,a0z,a1x,a1y,a1z,r0,r1,r2,sym
sofa,6.793,-3.050,3.744,0.924,0.383,-0.000,-0.383,0.924,0.000,0.508,0.914,0.351,2
table,6.053,-0.257,0.347,0.000,1.000,-0.000,-1.000,0.000,0.000,0.315,0.285,0.329,0
decor,7.797,-2.682,3.824,-0.707,-0.707,0.000,0.707,-0.707,0.000,0.238,0.237,0.172,0
tv,8.469,-3.679,2.673,-1.000,-0.000,-0.000,0.000,-1.000,0.000,0.124,0.121,0.329,2
sofa,7.029,-2.096,3.721,0.924,-0.383,0.000,0.383,0.924,-0.000,0.498,0.516,0.352,2
bed,7.440,-1.116,0.505,-0.000,-1.000,-0.000,1.000,0.000,0.000,1.086,1.111,0.306,2
table,8.886,-0.543,0.423,-0.924,0.383,0.000,-0.383,-0.924,0.000,0.312,0.151,0.396,0
other,7.251,-3.851,0.192,0.000,1.000,-0.000,-1.000,0.000,0.000,0.171,0.162,0.194,-1
table,7.771,-2.688,3.630,0.000,1.000,0.000,-1.000,0.000,0.000,0.620,0.309,0.250,0
