label,px,py,pz,a0x,a0y,a0z,a1x,a1y,a1z,r0,r1,r2,sym
tv,1.950,-0.874,2.177,0.000,1.000,0.000,-1.000,0.000,0.000,0.143,0.209,0.195,2
picture,-0.756,0.743,2.210,0.000,1.000,0.000,-1.000,0.000,0.000,0.417,0.059,0.406,1
picture,0.075,3.540,1.792,-1.000,0.000,0.000,-0.000,-1.000,0.000,0.303,0.040,0.377,1
bed,0.350,0.731,0.956,1.000,0.000,0.000,0.000,1.000,0.000,1.162,1.156,0.797,2
picture,1.574,3.522,1.729,-1.000,0.000,0.000,-0.000,-1.000,0.000,0.317,0.031,0.352,1
decor,-0.394,-0.909,1.814,1.000,0.000,0.000,0.000,1.000,0.000,0.239,0.119,0.322,0
decor,2.258,2.065,0.974,-0.924,0.383,0.000,-0.383,-0.924,0.000,0.200,0.149,0.373,0
picture,2.322,0.622,2.181,0.000,1.000,0.000,-1.000,0.000,0.000,0.579,0.047,0.447,1
chair,2.115,-0.706,0.477,0.000,1.000,0.000,-1.000,0.000,0.000,0.326,0.273,0.265,2
