label,px,py,pz,a0x,a0y,a0z,a1x,a1y,a1z,r0,r1,r2,sym
chair,1.208,-12.805,-0.124,-0.000,-1.000,-0.000,1.000,0.000,0.000,0.338,0.339,0.491,2
chair,0.715,-14.069,-0.115,0.000,1.000,-0.000,-1.000,0.000,0.000,0.398,0.282,0.491,2
chair,1.221,-14.117,-0.122,-0.383,0.924,0.000,-0.924,-0.383,0.000,0.379,0.360,0.496,2
chair,0.801,-12.934,-0.127,-0.000,-1.000,0.000,1.000,-0.000,0.000,0.478,0.379,0.490,2
chair,1.744,-14.083,-0.115,0.000,1.000,-0.000,-1.000,0.000,0.000,0.395,0.308,0.491,2
chair,-0.046,-13.528,-0.120,1.000,0.000,0.000,0.000,1.000,0.000,0.405,0.287,0.485,2
chair,1.693,-12.827,-0.119,-0.000,-1.000,0.000,1.000,-0.000,0.000,0.368,0.296,0.484,2
table,1.200,-13.532,-0.218,1.000,0.000,0.000,0.000,1.000,0.000,1.217,0.617,0.395,0
chair,2.401,-13.447,-0.115,-1.000,-0.000,-0.000,0.000,-1.000,0.000,0.365,0.283,0.490,2
