label,px,py,pz,a0x,a0y,a0z,a1x,a1y,a1z,r0,r1,r2,sym
decor,-0.672,-3.983,1.685,0.000,1.000,0.000,-1.000,0.000,0.000,0.188,0.108,0.036,0
other,-0.787,-4.736,1.175,0.924,0.383,0.000,-0.383,0.924,0.000,0.392,0.338,0.295,-1
other,-0.321,-3.619,1.559,1.000,0.000,0.000,0.000,1.000,0.000,0.150,0.136,0.089,-1
decor,-0.130,-3.242,1.719,0.924,0.383,0.000,-0.383,0.924,0.000,0.164,0.128,0.102,0
other,-0.525,-5.011,1.475,1.000,0.000,-0.000,0.000,1.000,0.000,0.221,0.112,0.356,-1
picture,-0.539,-3.430,2.340,0.924,0.383,0.000,-0.383,0.924,0.000,0.739,0.106,0.625,1
decor,-0.969,-4.025,1.734,-1.000,0.000,0.000,0.000,-1.000,0.000,0.128,0.124,0.087,0
other,-0.146,-5.289,1.630,0.924,0.383,0.000,-0.383,0.924,0.000,0.845,0.505,0.773,-1
storage,-0.392,-4.020,1.266,0.924,0.383,0.000,-0.383,0.924,0.000,0.609,0.071,0.398,1
