label,px,py,pz,a0x,a0y,a0z,a1x,a1y,a1z,r0,r1,r2,sym
decor,14.152,20.867,1.536,-0.383,0.924,0.000,-0.924,-0.383,0.000,0.255,0.195,0.189,0
chair,11.536,20.078,0.516,-0.924,-0.383,-0.000,0.383,-0.924,0.000,0.522,0.459,0.479,2
decor,14.114,17.484,1.470,-0.383,-0.924,0.000,0.924,-0.383,0.000,0.237,0.162,0.181,0
tv,7.728,19.260,1.901,-1.000,0.000,0.000,-0.000,-1.000,0.000,0.075,0.681,0.436,2
bed,13.320,19.193,0.351,-1.000,0.000,0.000,-0.000,-1.000,0.000,1.150,1.087,0.352,2
chair,11.607,18.304,0.506,-0.707,0.707,0.000,-0.707,-0.707,0.000,0.505,0.430,0.485,2
sofa,8.409,19.192,0.418,1.000,-0.000,-0.000,0.000,1.000,-0.000,0.406,0.988,0.399,2
table,11.800,19.557,0.300,-0.383,0.924,0.000,-0.924,-0.383,0.000,0.202,0.183,0.275,0
other,10.998,19.248,2.406,-0.383,0.924,0.000,-0.924,-0.383,0.000,0.301,0.299,0.149,-1
