label,px,py,pz,a0x,a0y,a0z,a1x,a1y,a1z,r0,r1,r2,sym
table,7.120,0.708,0.397,1.000,0.000,0.000,0.000,1.000,0.000,0.799,0.317,0.398,0
chair,9.808,0.428,0.373,-0.383,0.924,0.000,-0.924,-0.383,0.000,0.439,0.379,0.389,2
other,9.133,0.755,1.375,1.000,0.000,0.000,0.000,1.000,0.000,0.132,0.087,0.118,-1
table,9.518,0.757,0.435,-1.000,0.000,0.000,-0.000,-1.000,0.000,0.794,0.268,0.438,0
picture,9.498,0.900,1.090,1.000,0.000,0.000,0.000,1.000,0.000,0.126,0.104,0.124,1
other,9.842,0.776,1.372,-0.707,0.707,0.000,-0.707,-0.707,0.000,0.149,0.101,0.116,-1
other,6.089,0.083,1.499,-0.924,-0.383,0.000,0.383,-0.924,0.000,0.196,0.106,0.272,-1
storage,7.829,0.722,1.075,-1.000,0.000,0.000,-0.000,-1.000,0.000,1.495,0.316,1.079,1
other,7.730,0.510,1.915,-1.000,0.000,0.000,-0.000,-1.000,0.000,0.168,0.011,0.010,-1
