label,px,py,pz,a0x,a0y,a0z,a1x,a1y,a1z,r0,r1,r2,sym
table,1.815,6.601,0.448,0.000,1.000,0.000,-1.000,0.000,0.000,0.805,0.390,0.448,0
storage,4.402,5.643,0.936,-1.000,0.000,0.000,0.000,-1.000,0.000,0.194,0.539,0.929,1
decor,3.161,7.786,0.495,0.924,0.383,0.000,-0.383,0.924,0.000,0.385,0.257,0.177,0
chair,1.904,6.563,0.459,-1.000,-0.000,-0.000,0.000,-1.000,0.000,0.292,0.201,0.437,2
decor,1.963,7.240,1.617,0.383,0.924,-0.000,-0.924,0.383,0.000,0.157,0.143,0.174,0
table,2.995,7.676,0.231,0.000,1.000,0.000,-1.000,0.000,0.000,0.286,0.258,0.227,0
sofa,3.909,7.433,0.434,-0.383,-0.924,-0.000,0.924,-0.383,0.000,0.730,0.689,0.416,2
other,2.764,6.097,0.023,0.000,1.000,0.000,-1.000,0.000,0.000,1.027,0.850,0.020,-1
picture,1.510,6.606,1.392,0.000,1.000,0.000,-1.000,0.000,0.000,0.611,0.074,0.489,1
