label,px,py,pz,a0x,a0y,a0z,a1x,a1y,a1z,r0,r1,r2,sym
table,19.552,5.292,-3.206,-0.924,-0.383,0.000,0.383,-0.924,0.000,0.524,0.274,0.259,0
sofa,14.985,3.288,-3.044,1.000,-0.000,-0.000,0.000,1.000,-0.000,0.507,0.937,0.302,2
chair,18.258,3.483,-2.914,-0.383,0.924,-0.000,-0.924,-0.383,0.000,0.257,0.316,0.261,2
other,23.944,3.841,-2.520,-0.383,0.924,0.000,-0.924,-0.383,0.000,0.389,0.282,0.222,-1
table,21.728,5.966,-2.873,0.924,0.383,0.000,-0.383,0.924,0.000,0.487,0.245,0.070,0
chair,20.590,4.152,-3.173,-0.707,-0.707,0.000,0.707,-0.707,0.000,0.239,0.173,0.365,2
chair,20.142,4.506,-3.151,0.924,0.383,-0.000,-0.383,0.924,0.000,0.219,0.189,0.348,2
chair,17.735,3.386,-3.133,0.924,0.383,0.000,-0.383,0.924,0.000,0.319,0.216,0.069,2
chair,21.085,4.051,-3.125,1.000,0.000,0.000,0.000,1.000,0.000,0.195,0.192,0.321,2
