label,px,py,pz,a0x,a0y,a0z,a1x,a1y,a1z,r0,r1,r2,sym
table,6.182,4.560,-2.579,0.000,1.000,0.000,-1.000,0.000,0.000,1.190,0.614,0.415,0
chair,5.593,5.185,-2.303,1.000,-0.000,-0.000,0.000,1.000,-0.000,0.324,0.387,0.463,2
chair,6.203,2.996,-2.289,0.000,1.000,-0.000,-1.000,0.000,0.000,0.359,0.324,0.444,2
chair,6.937,3.893,-2.283,-1.000,0.000,0.000,0.000,-1.000,0.000,0.315,0.346,0.434,2
chair,6.939,4.411,-2.297,-1.000,0.000,0.000,0.000,-1.000,0.000,0.325,0.410,0.448,2
chair,6.226,6.053,-2.289,-0.000,-1.000,0.000,1.000,-0.000,0.000,0.398,0.345,0.439,2
chair,5.498,3.854,-2.320,1.000,-0.000,-0.000,0.000,1.000,-0.000,0.262,0.320,0.468,2
chair,5.593,4.549,-2.309,1.000,-0.000,-0.000,0.000,1.000,-0.000,0.322,0.350,0.465,2
chair,6.908,5.220,-2.414,-1.000,0.000,0.000,0.000,-1.000,0.000,0.338,0.351,0.566,2
