label,px,py,pz,a0x,a0y,a0z,a1x,a1y,a1z,r0,r1,r2,sym
other,-0.534,-9.843,1.437,0.924,0.383,-0.000,-0.383,0.924,0.000,0.904,0.262,1.125,-1
storage,-0.178,-8.329,0.471,-1.000,0.000,0.000,-0.000,-1.000,0.000,0.814,0.062,0.463,1
storage,-0.166,-8.041,2.191,1.000,0.000,0.000,0.000,1.000,0.000,1.061,0.037,0.824,1
storage,0.891,-9.324,2.248,0.000,1.000,0.000,-1.000,0.000,0.000,1.316,0.129,0.826,1
other,-0.267,-9.392,2.975,0.000,1.000,0.000,-1.000,0.000,0.000,0.686,0.110,0.071,-1
other,-0.372,-8.017,0.909,1.000,0.000,0.000,0.000,1.000,0.000,0.290,0.282,0.110,-1
other,0.054,-9.200,0.984,0.000,1.000,0.000,-1.000,0.000,0.000,1.464,1.144,0.074,-1
storage,-0.784,-10.747,1.558,1.000,0.000,0.000,0.000,1.000,0.000,0.590,0.163,1.492,1
storage,0.625,-9.491,0.502,0.000,1.000,0.000,-1.000,0.000,0.000,1.196,0.064,0.471,1
