label,px,py,pz,a0x,a0y,a0z,a1x,a1y,a1z,r0,r1,r2,sym
other,-9.832,-1.954,0.379,1.000,0.000,0.000,0.000,1.000,0.000,0.393,0.296,0.370,-1
sofa,-10.835,-0.978,0.887,-1.000,0.000,0.000,0.000,-1.000,0.000,0.451,0.978,0.341,2
picture,-8.063,-1.897,1.590,0.000,1.000,-0.000,-1.000,0.000,0.000,0.400,0.040,0.613,1
storage,-10.821,0.127,1.566,-0.000,-1.000,-0.000,1.000,0.000,0.000,0.173,0.440,0.904,1
other,-9.920,-0.471,0.540,0.000,1.000,0.000,-1.000,0.000,0.000,0.598,0.334,0.540,-1
storage,-10.868,-1.972,1.579,0.383,0.924,-0.000,-0.924,0.383,0.000,0.249,0.406,0.888,1
chair,-10.009,-1.286,0.307,1.000,0.000,0.000,0.000,1.000,0.000,0.223,0.219,0.292,2
chair,-8.477,-1.670,0.265,0.000,1.000,0.000,-1.000,0.000,0.000,0.580,0.272,0.256,2
picture,-10.171,-0.458,1.593,0.000,1.000,-0.000,-1.000,0.000,0.000,0.428,0.072,0.437,1
