label,px,py,pz,a0x,a0y,a0z,a1x,a1y,a1z,r0,r1,r2,sym
storage,17.793,7.408,1.067,1.000,-0.000,-0.000,0.000,1.000,-0.000,1.334,1.067,1.088,1
storage,16.567,6.772,1.247,1.000,-0.000,-0.000,0.000,1.000,-0.000,0.348,1.261,1.258,1
storage,18.033,6.688,1.086,1.000,0.000,0.000,0.000,1.000,0.000,0.550,0.315,1.097,1
storage,16.443,7.200,1.031,1.000,0.000,0.000,0.000,1.000,0.000,0.104,0.089,0.070,1
storage,18.015,5.997,1.040,1.000,0.000,0.000,0.000,1.000,0.000,0.528,0.369,1.051,1
storage,16.781,4.540,1.243,0.000,1.000,0.000,-1.000,0.000,0.000,0.315,0.589,1.247,1
storage,18.195,5.248,1.226,0.000,1.000,-0.000,-1.000,0.000,0.000,1.063,0.920,1.245,1
storage,16.391,5.913,1.024,0.000,1.000,0.000,-1.000,0.000,0.000,0.135,0.159,0.066,1
storage,16.402,6.973,1.026,1.000,0.000,0.000,0.000,1.000,0.000,0.152,0.128,0.066,1
