label,px,py,pz,a0x,a0y,a0z,a1x,a1y,a1z,r0,r1,r2,sym
storage,-0.614,18.855,1.527,0.000,1.000,-0.000,-1.000,0.000,0.000,0.775,0.348,1.566,1
storage,3.027,21.101,0.414,0.000,1.000,-0.000,-1.000,0.000,0.000,0.423,0.414,0.458,1
storage,-2.170,22.370,1.723,0.000,1.000,0.000,-1.000,0.000,0.000,0.610,0.161,0.416,1
storage,-2.037,22.146,0.445,0.000,1.000,0.000,-1.000,0.000,0.000,0.835,0.313,0.466,1
other,-1.712,24.848,2.608,1.000,0.000,0.000,0.000,1.000,0.000,0.903,0.228,0.496,-1
storage,3.563,22.005,0.424,0.707,0.707,0.000,-0.707,0.707,0.000,0.604,0.196,0.467,1
chair,-1.157,25.108,0.482,-0.924,0.383,0.000,-0.383,-0.924,0.000,0.298,0.165,0.409,2
storage,-1.543,19.122,1.089,0.000,1.000,-0.000,-1.000,0.000,0.000,0.718,0.119,1.121,1
chair,-1.189,24.750,0.486,-1.000,-0.000,-0.000,0.000,-1.000,0.000,0.266,0.252,0.397,2
