label,px,py,pz,a0x,a0y,a0z,a1x,a1y,a1z,r0,r1,r2,sym
other,1.246,-8.047,0.740,1.000,0.000,0.000,0.000,1.000,0.000,0.215,0.153,0.078,-1
storage,1.424,-7.656,0.190,-1.000,0.000,0.000,-0.000,-1.000,0.000,0.654,0.082,0.466,1
other,3.093,-7.946,0.659,-1.000,0.000,0.000,-0.000,-1.000,0.000,0.432,0.306,0.084,-1
storage,1.449,-7.995,1.771,-1.000,0.000,0.000,-0.000,-1.000,0.000,0.643,0.218,0.567,1
storage,2.635,-5.823,1.010,-1.000,0.000,0.000,-0.000,-1.000,0.000,0.508,0.288,1.288,1
storage,3.103,-7.647,0.193,-1.000,0.000,0.000,-0.000,-1.000,0.000,0.436,0.066,0.472,1
storage,3.067,-7.984,1.777,1.000,0.000,0.000,0.000,1.000,0.000,0.478,0.216,0.541,1
other,1.463,-7.899,0.657,-1.000,0.000,0.000,-0.000,-1.000,0.000,0.653,0.324,0.075,-1
other,3.101,-7.933,0.593,1.000,0.000,0.000,0.000,1.000,0.000,0.249,0.219,0.083,-1
