label,px,py,pz,a0x,a0y,a0z,a1x,a1y,a1z,r0,r1,r2,sym
table,19.520,-20.417,3.897,1.000,0.000,0.000,0.000,1.000,0.000,0.243,0.183,0.367,0
storage,17.486,-21.579,1.961,0.924,0.383,-0.000,-0.383,0.924,0.000,0.458,0.933,0.164,1
storage,19.126,-22.132,1.302,-1.000,0.000,0.000,-0.000,-1.000,0.000,1.054,0.230,1.272,1
storage,19.400,-22.140,1.307,1.000,0.000,0.000,0.000,1.000,0.000,0.859,0.267,1.277,1
decor,17.238,-22.070,1.074,0.000,1.000,-0.000,-1.000,0.000,0.000,0.299,0.258,0.338,0
storage,17.219,-20.279,1.379,0.000,1.000,-0.000,-1.000,0.000,0.000,0.635,0.252,1.332,1
decor,17.701,-22.085,2.122,1.000,0.000,0.000,0.000,1.000,0.000,0.359,0.248,0.243,0
table,17.440,-21.616,1.256,0.924,0.383,-0.000,-0.383,0.924,0.000,0.516,0.972,1.145,0
other,17.185,-21.705,3.999,0.000,1.000,0.000,-1.000,0.000,0.000,0.897,0.049,0.441,-1
