label,px,py,pz,a0x,a0y,a0z,a1x,a1y,a1z,r0,r1,r2,sym
other,1.256,-1.680,0.522,-0.924,0.383,0.000,-0.383,-0.924,0.000,0.864,0.394,0.320,-1
storage,3.204,0.279,0.617,-1.000,0.000,0.000,-0.000,-1.000,0.000,1.597,0.299,0.458,1
chair,0.856,1.064,-2.263,0.924,-0.383,-0.000,0.383,0.924,-0.000,0.454,0.434,0.363,2
chair,3.219,-0.020,0.413,-1.000,0.000,0.000,-0.000,-1.000,0.000,0.316,0.173,0.114,2
picture,7.587,-0.220,-1.291,0.000,1.000,-0.000,-1.000,0.000,0.000,0.380,0.039,0.584,1
sofa,4.061,0.220,-2.393,-0.000,-1.000,-0.000,1.000,0.000,0.000,1.079,1.724,0.446,2
table,4.183,-0.332,-2.536,1.000,0.000,0.000,0.000,1.000,0.000,0.628,0.413,0.307,0
chair,0.909,-1.255,-2.258,0.924,0.383,0.000,-0.383,0.924,0.000,0.462,0.401,0.340,2
other,4.112,2.478,-1.600,1.000,0.000,0.000,0.000,1.000,0.000,2.435,0.086,1.247,-1
