label,px,py,pz,a0x,a0y,a0z,a1x,a1y,a1z,r0,r1,r2,sym
sofa,0.362,9.031,0.036,-0.383,0.924,0.000,-0.924,-0.383,0.000,0.438,0.416,0.617,2
storage,-0.076,7.242,1.210,-0.000,-1.000,-0.000,1.000,0.000,0.000,0.331,1.534,1.007,1
decor,0.754,10.069,0.556,0.000,1.000,-0.000,-1.000,0.000,0.000,0.274,0.242,0.372,0
storage,-0.042,12.808,1.281,0.000,1.000,0.000,-1.000,0.000,0.000,0.357,1.484,1.117,1
sofa,0.412,11.017,0.023,-0.707,-0.707,0.000,0.707,-0.707,0.000,0.468,0.448,0.617,2
picture,-0.021,7.490,0.679,1.000,0.000,0.000,0.000,1.000,0.000,0.399,0.056,0.472,1
storage,0.182,7.452,-0.154,1.000,0.000,0.000,0.000,1.000,0.000,1.694,0.414,0.420,1
table,0.282,10.073,-0.190,1.000,0.000,0.000,0.000,1.000,0.000,0.913,0.580,0.400,0
storage,-0.038,12.745,-0.199,1.000,0.000,0.000,0.000,1.000,0.000,1.484,0.372,0.409,1
