label,px,py,pz,a0x,a0y,a0z,a1x,a1y,a1z,r0,r1,r2,sym
other,-12.694,-0.925,3.238,-0.000,-1.000,-0.000,1.000,0.000,0.000,0.357,0.248,0.353,-1
picture,-12.030,-0.606,4.314,-1.000,0.000,0.000,-0.000,-1.000,0.000,0.245,0.025,0.375,1
picture,-12.581,-2.392,4.517,-1.000,0.000,0.000,-0.000,-1.000,0.000,0.181,0.013,0.203,1
storage,-12.196,-0.991,3.339,-0.707,0.707,0.000,-0.707,-0.707,0.000,0.443,0.240,0.460,1
other,-11.791,-1.021,4.229,0.000,1.000,-0.000,-1.000,0.000,0.000,0.132,0.069,0.203,-1
picture,-12.682,-0.586,4.253,1.000,0.000,0.000,0.000,1.000,0.000,0.219,0.017,0.333,1
other,-12.500,-2.310,3.696,1.000,0.000,0.000,0.000,1.000,0.000,0.341,0.107,0.375,-1
picture,-12.076,-2.394,4.420,1.000,0.000,0.000,0.000,1.000,0.000,0.183,0.013,0.210,1
other,-12.074,-0.867,3.738,1.000,0.000,0.000,0.000,1.000,0.000,0.335,0.276,0.108,-1
