label,px,py,pz,a0x,a0y,a0z,a1x,a1y,a1z,r0,r1,r2,sym
picture,-4.597,-6.873,1.860,-0.707,0.707,0.000,-0.707,-0.707,0.000,0.190,0.026,0.193,1
other,-5.043,-5.124,2.957,-0.383,-0.924,0.000,0.924,-0.383,0.000,0.353,0.195,0.419,-1
picture,-5.364,-5.444,4.070,0.000,1.000,0.000,-1.000,0.000,0.000,0.707,0.026,0.672,1
picture,-3.994,-7.086,1.518,-1.000,0.000,0.000,-0.000,-1.000,0.000,0.385,0.019,0.327,1
picture,-4.824,-5.567,1.617,0.000,1.000,0.000,-1.000,0.000,0.000,0.382,0.022,0.317,1
picture,-3.987,-5.710,4.138,0.000,1.000,-0.000,-1.000,0.000,0.000,0.302,0.049,0.542,1
picture,-4.825,-6.287,1.558,0.000,1.000,-0.000,-1.000,0.000,0.000,0.211,0.019,0.230,1
other,-5.022,-5.750,2.946,1.000,0.000,0.000,0.000,1.000,0.000,0.344,0.241,0.417,-1
other,-5.103,-5.052,3.293,0.000,1.000,0.000,-1.000,0.000,0.000,0.321,0.237,0.114,-1
