label,px,py,pz,a0x,a0y,a0z,a1x,a1y,a1z,r0,r1,r2,sym
other,3.034,2.595,3.598,0.000,1.000,0.000,-1.000,0.000,0.000,0.176,0.087,0.060,-1
other,3.819,2.608,3.322,-1.000,0.000,0.000,-0.000,-1.000,0.000,0.873,0.702,0.344,-1
other,4.366,0.474,3.537,0.000,1.000,0.000,-1.000,0.000,0.000,0.834,0.301,0.355,-1
other,4.345,1.578,3.431,-1.000,0.000,0.000,0.000,-1.000,0.000,0.343,0.417,0.454,-1
other,4.386,0.383,3.597,0.000,1.000,0.000,-1.000,0.000,0.000,0.805,0.295,0.346,-1
other,3.055,3.025,3.573,0.000,1.000,0.000,-1.000,0.000,0.000,0.302,0.102,0.115,-1
other,4.416,0.752,3.913,-0.707,-0.707,0.000,0.707,-0.707,0.000,0.224,0.086,0.029,-1
picture,4.645,0.378,4.505,0.000,1.000,0.000,-1.000,0.000,0.000,0.791,0.047,0.691,1
other,4.403,0.050,3.840,0.000,1.000,0.000,-1.000,0.000,0.000,0.234,0.156,0.045,-1
