label,px,py,pz,a0x,a0y,a0z,a1x,a1y,a1z,r0,r1,r2,sym
other,-1.804,-5.848,4.223,-1.000,0.000,0.000,-0.000,-1.000,0.000,0.586,0.241,1.275,-1
picture,-0.122,-5.611,6.688,-0.924,-0.383,0.000,0.383,-0.924,0.000,0.678,0.437,0.776,1
decor,0.060,-4.379,6.555,0.000,1.000,-0.000,-1.000,0.000,0.000,0.693,0.359,0.702,0
picture,-1.767,-5.792,4.997,-1.000,0.000,0.000,-0.000,-1.000,0.000,0.422,0.098,0.582,1
other,-2.745,-5.832,4.336,1.000,0.000,0.000,0.000,1.000,0.000,0.578,0.181,1.380,-1
table,-2.923,-5.335,6.324,0.000,1.000,-0.000,-1.000,0.000,0.000,0.382,0.571,0.429,0
other,-2.553,-3.554,6.275,1.000,0.000,0.000,0.000,1.000,0.000,1.000,0.447,0.422,-1
decor,-2.104,-5.706,4.314,1.000,0.000,0.000,0.000,1.000,0.000,0.206,0.081,0.237,0
sofa,-1.983,-5.152,6.306,0.383,0.924,0.000,-0.924,0.383,0.000,0.456,0.431,0.429,2
