label,px,py,pz,a0x,a0y,a0z,a1x,a1y,a1z,r0,r1,r2,sym
sofa,-5.354,-2.892,0.438,0.707,0.707,0.000,-0.707,0.707,0.000,0.473,0.460,0.384,2
sofa,-3.478,-2.963,0.430,-0.707,0.707,0.000,-0.707,-0.707,0.000,0.477,0.457,0.384,2
storage,-4.441,-4.033,1.356,-1.000,0.000,0.000,-0.000,-1.000,0.000,2.323,0.195,1.339,1
picture,-6.348,0.516,1.526,-1.000,0.000,0.000,-0.000,-1.000,0.000,0.319,0.021,0.242,1
sofa,-5.406,-1.020,0.435,0.707,-0.707,-0.000,0.707,0.707,-0.000,0.465,0.448,0.379,2
storage,-6.743,-3.216,1.425,0.000,1.000,-0.000,-1.000,0.000,0.000,0.972,0.238,1.418,1
table,-4.362,-1.854,0.214,0.383,0.924,0.000,-0.924,0.383,0.000,0.438,0.434,0.178,0
sofa,-3.397,-1.017,0.426,-0.707,-0.707,0.000,0.707,-0.707,0.000,0.490,0.453,0.388,2
storage,-6.453,0.051,0.584,0.000,1.000,-0.000,-1.000,0.000,0.000,0.300,0.299,0.569,1
