label,px,py,pz,a0x,a0y,a0z,a1x,a1y,a1z,r0,r1,r2,sym
storage,-2.675,4.417,4.315,1.000,0.000,0.000,0.000,1.000,0.000,0.476,0.124,1.308,1
storage,0.076,4.444,4.281,1.000,0.000,0.000,0.000,1.000,0.000,0.774,0.114,1.311,1
bed,-1.828,1.982,6.493,0.000,1.000,0.000,-1.000,0.000,0.000,1.111,1.106,0.521,2
decor,-2.022,4.199,4.400,1.000,0.000,0.000,0.000,1.000,0.000,0.076,0.070,0.113,0
decor,-0.898,4.208,4.400,0.000,1.000,-0.000,-1.000,0.000,0.000,0.072,0.065,0.101,0
other,-1.506,4.371,4.141,1.000,0.000,0.000,0.000,1.000,0.000,0.831,0.225,1.194,-1
picture,-1.836,0.872,4.716,1.000,0.000,0.000,0.000,1.000,0.000,0.436,0.046,0.488,1
other,-2.937,1.186,6.667,0.924,0.383,-0.000,-0.383,0.924,0.000,0.099,0.084,0.307,-1
picture,-1.441,4.217,4.553,1.000,0.000,0.000,0.000,1.000,0.000,0.424,0.077,0.316,1
