label,px,py,pz,a0x,a0y,a0z,a1x,a1y,a1z,r0,r1,r2,sym
chair,2.935,4.040,0.702,-0.000,-1.000,0.000,1.000,-0.000,0.000,0.334,0.297,0.361,2
storage,5.730,2.254,0.890,-0.707,-0.707,0.000,0.707,-0.707,0.000,2.228,0.640,0.875,1
storage,7.590,4.754,1.205,0.000,1.000,0.000,-1.000,0.000,0.000,1.379,0.343,1.214,1
chair,3.902,4.207,0.793,0.707,-0.707,-0.000,0.707,0.707,-0.000,0.308,0.282,0.285,2
storage,2.772,1.109,1.202,1.000,0.000,0.000,0.000,1.000,0.000,1.251,0.344,1.219,1
chair,2.207,4.059,0.775,-0.000,-1.000,-0.000,1.000,0.000,0.000,0.313,0.274,0.285,2
chair,4.692,5.501,0.757,1.000,0.000,0.000,0.000,1.000,0.000,0.318,0.305,0.308,2
chair,4.402,4.690,0.822,0.707,-0.707,-0.000,0.707,0.707,-0.000,0.319,0.280,0.256,2
other,4.900,3.855,0.996,0.707,0.707,0.000,-0.707,0.707,0.000,0.420,0.257,0.305,-1
