label,px,py,pz,a0x,a0y,a0z,a1x,a1y,a1z,r0,r1,r2,sym
other,-16.074,-2.135,2.173,0.707,-0.707,0.000,0.707,0.707,0.000,0.101,0.091,0.142,-1
picture,-11.460,-1.198,1.620,-0.924,-0.383,0.000,0.383,-0.924,0.000,0.536,0.114,0.688,1
decor,-9.593,-0.891,1.184,1.000,0.000,0.000,0.000,1.000,0.000,0.196,0.137,0.111,0
picture,-7.892,1.274,1.604,0.924,-0.383,0.000,0.383,0.924,0.000,0.372,0.048,0.311,1
picture,-12.247,1.642,1.637,1.000,0.000,-0.000,0.000,1.000,0.000,0.689,0.087,1.295,1
decor,-24.296,0.896,1.538,0.000,1.000,0.000,-1.000,0.000,0.000,0.334,0.072,0.311,0
picture,-26.366,0.369,1.571,0.707,0.707,-0.000,-0.707,0.707,0.000,0.377,0.020,0.410,1
picture,-23.556,-1.332,1.587,0.924,-0.383,-0.000,0.383,0.924,0.000,0.508,0.079,0.557,1
picture,-15.967,-1.644,1.604,1.000,0.000,-0.000,0.000,1.000,0.000,0.366,0.049,0.377,1
