label,px,py,pz,a0x,a0y,a0z,a1x,a1y,a1z,r0,r1,r2,sym
other,-4.761,-2.782,5.832,-0.924,0.383,0.000,-0.383,-0.924,0.000,0.106,0.105,0.007,-1
picture,-5.433,-4.185,4.690,0.000,1.000,-0.000,-1.000,0.000,0.000,0.212,0.010,0.262,1
other,-4.756,-5.259,5.829,-0.707,0.707,0.000,-0.707,-0.707,0.000,0.090,0.084,0.005,-1
picture,-5.433,-2.606,4.674,0.000,1.000,-0.000,-1.000,0.000,0.000,0.224,0.013,0.267,1
decor,-5.197,-1.807,4.167,0.000,1.000,0.000,-1.000,0.000,0.000,0.234,0.223,0.229,0
picture,-4.726,-1.581,5.228,-1.000,0.000,0.000,-0.000,-1.000,0.000,0.256,0.013,0.287,1
picture,-5.433,-3.127,4.677,0.000,1.000,-0.000,-1.000,0.000,0.000,0.223,0.012,0.264,1
picture,-4.731,-1.586,4.618,-1.000,0.000,0.000,-0.000,-1.000,0.000,0.235,0.014,0.278,1
picture,-5.432,-3.645,4.689,0.000,1.000,-0.000,-1.000,0.000,0.000,0.217,0.012,0.263,1
