label,px,py,pz,a0x,a0y,a0z,a1x,a1y,a1z,r0,r1,r2,sym
picture,1.146,14.763,1.467,0.000,1.000,-0.000,-1.000,0.000,0.000,0.361,0.043,0.385,1
storage,0.087,17.748,0.588,1.000,0.000,0.000,0.000,1.000,0.000,0.545,0.200,0.590,1
picture,0.683,15.706,1.576,0.000,1.000,0.000,-1.000,0.000,0.000,0.326,0.024,0.265,1
table,-0.291,14.549,0.511,0.000,1.000,0.000,-1.000,0.000,0.000,0.845,0.246,0.519,0
picture,-0.501,13.919,1.619,0.000,1.000,0.000,-1.000,0.000,0.000,0.281,0.028,0.239,1
other,0.082,16.852,2.801,0.000,1.000,0.000,-1.000,0.000,0.000,0.228,0.228,0.058,-1
other,0.104,14.055,2.811,0.000,1.000,0.000,-1.000,0.000,0.000,0.253,0.218,0.053,-1
picture,-0.512,15.524,1.599,0.000,1.000,-0.000,-1.000,0.000,0.000,0.257,0.015,0.298,1
picture,-0.502,14.685,1.607,0.000,1.000,0.000,-1.000,0.000,0.000,0.350,0.026,0.295,1
