label,px,py,pz,a0x,a0y,a0z,a1x,a1y,a1z,r0,r1,r2,sym
picture,-4.014,11.943,1.677,0.000,1.000,-0.000,-1.000,0.000,0.000,0.156,0.042,0.177,1
other,-2.011,12.739,0.904,-1.000,0.000,0.000,-0.000,-1.000,0.000,0.623,0.330,0.069,-1
storage,-1.898,12.732,0.473,1.000,0.000,0.000,0.000,1.000,0.000,0.525,0.330,0.455,1
other,-1.890,12.705,0.813,1.000,0.000,0.000,0.000,1.000,0.000,0.227,0.201,0.146,-1
storage,-1.542,10.858,0.491,1.000,0.000,0.000,0.000,1.000,0.000,1.409,0.332,0.473,1
storage,-2.698,12.876,1.889,1.000,0.000,0.000,0.000,1.000,0.000,1.346,0.201,0.553,1
storage,-1.576,10.727,1.883,1.000,0.000,0.000,0.000,1.000,0.000,1.432,0.209,0.606,1
other,-1.543,10.865,1.012,1.000,0.000,0.000,0.000,1.000,0.000,1.414,0.361,0.138,-1
chair,-0.936,11.120,4.029,-0.383,0.924,0.000,-0.924,-0.383,0.000,0.555,0.458,0.532,2
