label,px,py,pz,a0x,a0y,a0z,a1x,a1y,a1z,r0,r1,r2,sym
picture,28.319,15.981,-2.780,0.000,1.000,0.000,-1.000,0.000,0.000,0.893,0.038,0.882,1
picture,25.989,12.068,-2.685,-1.000,0.000,0.000,-0.000,-1.000,0.000,0.238,0.023,0.230,1
table,26.813,15.616,-3.929,0.000,1.000,0.000,-1.000,0.000,0.000,1.447,0.617,0.341,0
picture,25.326,12.067,-2.685,-1.000,0.000,0.000,-0.000,-1.000,0.000,0.234,0.022,0.230,1
chair,26.160,15.465,-3.856,1.000,-0.000,-0.000,0.000,1.000,-0.000,0.335,0.360,0.380,2
chair,27.561,15.487,-3.816,-1.000,0.000,0.000,-0.000,-1.000,0.000,0.341,0.377,0.318,2
picture,24.638,12.072,-2.684,-1.000,0.000,0.000,-0.000,-1.000,0.000,0.239,0.024,0.229,1
picture,27.315,12.050,-2.693,-1.000,0.000,0.000,-0.000,-1.000,0.000,0.231,0.026,0.223,1
picture,26.649,12.063,-2.693,-1.000,0.000,0.000,-0.000,-1.000,0.000,0.231,0.023,0.223,1
