label,px,py,pz,a0x,a0y,a0z,a1x,a1y,a1z,r0,r1,r2,sym
storage,-21.979,23.704,1.819,0.707,0.707,-0.000,-0.707,0.707,0.000,0.036,0.510,0.129,1
storage,-24.274,38.405,0.491,0.707,0.707,0.000,-0.707,0.707,0.000,1.147,0.309,0.596,1
picture,-25.973,36.342,1.719,0.707,0.707,0.000,-0.707,0.707,0.000,0.601,0.050,0.371,1
storage,-21.766,23.516,1.482,0.707,0.707,0.000,-0.707,0.707,0.000,0.057,0.283,0.212,1
other,-19.888,32.666,2.621,0.707,0.707,0.000,-0.707,0.707,0.000,0.693,0.198,0.064,-1
other,-21.663,28.830,2.571,0.707,0.707,0.000,-0.707,0.707,0.000,0.144,0.129,0.084,-1
other,-23.375,36.190,2.635,0.707,0.707,0.000,-0.707,0.707,0.000,0.692,0.213,0.067,-1
other,-26.173,33.511,2.628,0.707,0.707,0.000,-0.707,0.707,0.000,0.668,0.157,0.056,-1
other,-23.145,33.105,2.605,0.707,0.707,0.000,-0.707,0.707,0.000,0.707,0.185,0.078,-1
