label,px,py,pz,a0x,a0y,a0z,a1x,a1y,a1z,r0,r1,r2,sym
table,0.110,-7.212,0.439,0.000,1.000,-0.000,-1.000,0.000,0.000,0.316,0.926,0.418,0
decor,0.794,9.633,0.537,-0.707,0.707,0.000,-0.707,-0.707,0.000,0.248,0.201,0.285,0
picture,1.215,2.645,1.537,0.000,1.000,-0.000,-1.000,0.000,0.000,0.725,0.037,0.813,1
picture,1.208,-3.465,1.537,0.000,1.000,0.000,-1.000,0.000,0.000,0.725,0.036,0.593,1
table,0.908,2.711,0.410,-1.000,0.000,0.000,0.000,-1.000,0.000,0.330,0.835,0.427,0
table,0.953,-3.487,0.509,-1.000,0.000,0.000,0.000,-1.000,0.000,0.294,0.835,0.523,0
picture,-0.951,9.634,1.977,0.000,1.000,-0.000,-1.000,0.000,0.000,0.462,0.042,0.639,1
picture,1.190,9.437,1.494,0.000,1.000,-0.000,-1.000,0.000,0.000,0.396,0.030,0.462,1
picture,-0.989,-4.012,1.494,0.000,1.000,0.000,-1.000,0.000,0.000,0.701,0.028,0.506,1
