label,px,py,pz,a0x,a0y,a0z,a1x,a1y,a1z,r0,r1,r2,sym
other,-11.662,1.940,3.503,1.000,0.000,0.000,0.000,1.000,0.000,0.789,0.331,0.626,-1
other,-13.322,0.061,3.146,1.000,0.000,0.000,0.000,1.000,0.000,0.749,0.468,0.276,-1
other,-10.942,-0.058,4.047,0.000,1.000,-0.000,-1.000,0.000,0.000,0.132,0.071,0.234,-1
other,-11.664,2.070,4.590,-1.000,0.000,0.000,-0.000,-1.000,0.000,0.774,0.209,0.685,-1
other,-13.616,2.247,4.362,1.000,0.000,0.000,0.000,1.000,0.000,0.322,0.027,0.379,-1
other,-11.663,0.083,3.301,-1.000,0.000,0.000,-0.000,-1.000,0.000,0.793,0.066,0.429,-1
other,-14.010,1.103,3.554,0.000,1.000,-0.000,-1.000,0.000,0.000,0.263,0.079,0.371,-1
other,-13.723,1.884,3.241,-0.000,-1.000,-0.000,1.000,0.000,0.000,0.390,0.276,0.358,-1
picture,-11.658,-0.402,4.462,1.000,0.000,0.000,0.000,1.000,0.000,0.410,0.032,0.552,1
