label,px,py,pz,a0x,a0y,a0z,a1x,a1y,a1z,r0,r1,r2,sym
other,4.535,8.881,0.468,-1.000,0.000,0.000,-0.000,-1.000,0.000,0.470,0.290,0.459,-1
other,6.316,8.809,0.609,1.000,0.000,0.000,0.000,1.000,0.000,0.120,0.105,0.074,-1
other,6.544,8.164,1.105,0.000,1.000,0.000,-1.000,0.000,0.000,0.147,0.066,0.046,-1
storage,6.537,8.130,1.235,0.000,1.000,0.000,-1.000,0.000,0.000,0.684,0.115,0.207,1
storage,6.008,8.776,0.435,1.000,0.000,0.000,0.000,1.000,0.000,0.433,0.115,0.210,1
picture,4.600,9.136,2.157,-1.000,0.000,0.000,-0.000,-1.000,0.000,0.415,0.122,0.904,1
other,3.022,7.408,0.234,-0.000,-1.000,-0.000,1.000,0.000,0.000,0.300,0.258,0.239,-1
other,4.594,8.898,0.895,-1.000,0.000,0.000,-0.000,-1.000,0.000,0.376,0.257,0.047,-1
other,6.205,8.918,0.688,0.924,0.383,0.000,-0.383,0.924,0.000,0.259,0.100,0.154,-1
