label,px,py,pz,a0x,a0y,a0z,a1x,a1y,a1z,r0,r1,r2,sym
picture,-3.136,-3.341,-1.705,1.000,0.000,0.000,0.000,1.000,0.000,0.275,0.028,0.388,1
picture,-1.389,-1.750,0.292,-1.000,0.000,0.000,-0.000,-1.000,0.000,0.311,0.120,0.347,1
decor,-1.754,-1.877,-0.795,0.707,0.707,-0.000,-0.707,0.707,0.000,0.324,0.323,0.329,0
picture,-3.427,-3.125,-0.594,0.000,1.000,-0.000,-1.000,0.000,0.000,0.114,0.035,0.130,1
picture,-3.450,-3.129,-0.934,0.000,1.000,-0.000,-1.000,0.000,0.000,0.103,0.009,0.144,1
table,-2.887,-1.989,0.260,0.000,1.000,0.000,-1.000,0.000,0.000,0.379,0.252,0.295,0
picture,-3.175,-3.335,-1.705,-1.000,0.000,0.000,-0.000,-1.000,0.000,0.255,0.031,0.367,1
decor,-3.251,-2.504,-0.715,0.383,0.924,0.000,-0.924,0.383,0.000,0.130,0.078,0.055,0
storage,-3.152,-1.808,-0.777,1.000,0.000,0.000,0.000,1.000,0.000,0.276,0.222,0.547,1
