label,px,py,pz,a0x,a0y,a0z,a1x,a1y,a1z,r0,r1,r2,sym
chair,-5.455,-30.756,0.581,-0.924,-0.383,-0.000,0.383,-0.924,0.000,0.416,0.414,0.266,2
table,-6.291,-31.332,0.236,-0.707,0.707,0.000,-0.707,-0.707,0.000,0.356,0.229,0.213,0
chair,-7.080,-31.969,0.577,0.707,0.707,-0.000,-0.707,0.707,0.000,0.388,0.417,0.274,2
chair,-5.707,-32.057,0.578,-0.707,0.707,-0.000,-0.707,-0.707,0.000,0.416,0.421,0.270,2
other,-10.882,-31.308,3.578,0.924,0.383,-0.000,-0.383,0.924,0.000,0.117,0.104,0.223,-1
chair,-6.959,-30.653,0.572,0.707,-0.707,-0.000,0.707,0.707,-0.000,0.399,0.410,0.276,2
other,-8.445,-31.300,3.573,-0.707,-0.707,0.000,0.707,-0.707,0.000,0.101,0.098,0.213,-1
picture,-6.421,-32.567,1.847,-1.000,0.000,0.000,-0.000,-1.000,0.000,0.501,0.045,0.313,1
picture,-4.910,-31.313,1.544,0.000,1.000,0.000,-1.000,0.000,0.000,0.513,0.017,0.444,1
