label,px,py,pz,a0x,a0y,a0z,a1x,a1y,a1z,r0,r1,r2,sym
sofa,-1.719,-9.590,-5.348,0.000,1.000,0.000,-1.000,0.000,0.000,1.702,1.118,0.253,2
decor,-0.788,-11.115,-2.466,-0.707,0.707,0.000,-0.707,-0.707,0.000,0.210,0.203,0.574,0
other,-2.321,-10.789,-3.789,1.000,0.000,0.000,0.000,1.000,0.000,0.832,0.541,0.582,-1
sofa,-2.167,-8.758,-2.646,0.383,-0.924,0.000,0.924,0.383,-0.000,0.433,0.437,0.381,2
table,-0.781,-10.336,-2.711,0.000,1.000,-0.000,-1.000,0.000,0.000,0.294,0.215,0.322,0
sofa,-1.715,-9.599,-4.951,0.000,1.000,0.000,-1.000,0.000,0.000,1.723,1.121,0.230,2
sofa,-1.010,-9.341,-2.497,-1.000,0.000,0.000,0.000,-1.000,0.000,0.453,0.849,0.525,2
chair,-1.960,-9.713,-2.585,0.000,1.000,0.000,-1.000,0.000,0.000,0.251,0.196,0.172,2
decor,-2.613,-10.132,-2.631,1.000,0.000,0.000,0.000,1.000,0.000,0.396,0.312,0.407,0
