label,px,py,pz,a0x,a0y,a0z,a1x,a1y,a1z,r0,r1,r2,sym
other,-1.033,0.170,2.261,-0.383,0.924,0.000,-0.924,-0.383,0.000,0.247,0.101,0.389,-1
table,-3.597,-1.049,0.639,-0.383,0.924,0.000,-0.924,-0.383,0.000,0.528,0.524,0.376,0
chair,-2.499,0.937,0.929,0.000,-1.000,-0.000,1.000,0.000,-0.000,0.541,0.480,0.638,2
chair,-1.438,0.080,0.931,-0.924,-0.383,0.000,0.383,-0.924,0.000,0.494,0.497,0.682,2
other,-2.702,1.755,2.363,0.924,-0.383,-0.000,0.383,0.924,0.000,0.256,0.089,0.507,-1
storage,-1.546,1.169,1.079,-0.707,-0.707,-0.000,0.707,-0.707,0.000,0.177,0.515,0.073,1
decor,-0.549,-0.958,1.672,0.000,1.000,0.000,-1.000,0.000,0.000,0.169,0.148,0.617,0
decor,-3.584,-1.046,1.598,0.383,0.924,0.000,-0.924,0.383,0.000,0.384,0.382,0.594,0
decor,-1.580,1.251,1.666,0.000,1.000,0.000,-1.000,0.000,0.000,0.177,0.100,0.577,0
