label,px,py,pz,a0x,a0y,a0z,a1x,a1y,a1z,r0,r1,r2,sym
picture,-7.974,-17.383,1.569,0.000,1.000,-0.000,-1.000,0.000,0.000,0.513,0.016,0.514,1
picture,-8.399,-13.678,1.598,-1.000,0.000,0.000,-0.000,-1.000,0.000,0.305,0.020,0.291,1
picture,-8.319,-26.363,1.633,1.000,0.000,0.000,0.000,1.000,0.000,0.192,0.013,0.192,1
picture,-6.526,-25.819,1.584,0.000,1.000,-0.000,-1.000,0.000,0.000,0.258,0.009,0.305,1
picture,-8.013,-23.473,1.584,0.000,1.000,0.000,-1.000,0.000,0.000,0.454,0.021,0.369,1
picture,-6.527,-23.029,1.492,0.000,1.000,0.000,-1.000,0.000,0.000,0.353,0.026,0.308,1
picture,-8.639,-19.120,1.571,-1.000,0.000,0.000,-0.000,-1.000,0.000,0.192,0.024,0.227,1
table,-5.900,-22.179,0.611,-1.000,0.000,0.000,-0.000,-1.000,0.000,0.558,0.215,0.605,0
picture,-8.591,-20.759,1.600,-1.000,0.000,0.000,-0.000,-1.000,0.000,0.209,0.023,0.257,1
