label,px,py,pz,a0x,a0y,a0z,a1x,a1y,a1z,r0,r1,r2,sym
other,-20.549,7.800,3.848,-0.000,-1.000,0.000,1.000,-0.000,0.000,0.404,0.281,0.406,-1
picture,-19.056,4.995,5.088,1.000,0.000,0.000,0.000,1.000,0.000,0.732,0.048,0.741,1
other,-18.680,4.974,5.030,0.924,0.383,0.000,-0.383,0.924,0.000,0.053,0.024,0.049,-1
picture,-19.922,4.786,4.871,1.000,0.000,0.000,0.000,1.000,0.000,0.504,0.062,0.684,1
other,-19.052,5.293,4.334,-1.000,0.000,0.000,-0.000,-1.000,0.000,0.737,0.321,0.033,-1
picture,-20.376,4.787,5.254,0.924,0.383,-0.000,-0.383,0.924,0.000,0.013,0.008,0.231,1
other,-19.048,5.285,4.269,1.000,0.000,0.000,0.000,1.000,0.000,0.228,0.185,0.081,-1
other,-19.054,5.560,3.887,-1.000,0.000,0.000,-0.000,-1.000,0.000,0.737,0.054,0.433,-1
other,-19.461,4.979,4.989,1.000,0.000,0.000,0.000,1.000,0.000,0.041,0.022,0.029,-1
