label,px,py,pz,a0x,a0y,a0z,a1x,a1y,a1z,r0,r1,r2,sym
other,-16.312,-1.718,3.865,1.000,0.000,0.000,0.000,1.000,0.000,0.230,0.181,0.100,-1
picture,-17.407,-1.988,4.604,-1.000,0.000,0.000,-0.000,-1.000,0.000,0.252,0.040,0.386,1
other,-15.868,-1.955,4.714,-1.000,0.000,0.000,-0.000,-1.000,0.000,0.106,0.082,0.163,-1
other,-16.870,-1.949,4.709,0.000,1.000,-0.000,-1.000,0.000,0.000,0.082,0.062,0.154,-1
picture,-16.296,-1.997,4.609,-1.000,0.000,0.000,-0.000,-1.000,0.000,0.248,0.039,0.382,1
other,-17.808,-2.008,4.780,-1.000,0.000,0.000,-0.000,-1.000,0.000,0.083,0.017,0.097,-1
other,-16.870,-1.623,4.025,-0.924,0.383,0.000,-0.383,-0.924,0.000,0.178,0.139,0.064,-1
other,-18.283,-1.953,4.314,-1.000,0.000,0.000,-0.000,-1.000,0.000,0.170,0.068,0.362,-1
other,-17.404,-1.701,3.863,1.000,0.000,0.000,0.000,1.000,0.000,0.237,0.190,0.101,-1
