label,px,py,pz,a0x,a0y,a0z,a1x,a1y,a1z,r0,r1,r2,sym
decor,24.099,-13.704,1.007,0.000,1.000,0.000,-1.000,0.000,0.000,0.272,0.216,0.130,0
table,17.126,-13.982,0.200,0.000,1.000,0.000,-1.000,0.000,0.000,0.726,0.632,0.220,0
sofa,17.000,-15.747,0.371,0.000,1.000,0.000,-1.000,0.000,0.000,0.803,0.839,0.386,2
sofa,15.316,-14.105,0.363,1.000,-0.000,-0.000,0.000,1.000,-0.000,0.607,0.826,0.404,2
tv,24.276,-14.783,2.035,-1.000,0.000,0.000,-0.000,-1.000,0.000,0.067,0.568,0.354,2
other,20.749,-16.963,2.086,1.000,0.000,0.000,0.000,1.000,0.000,0.086,0.035,0.230,-1
other,17.312,-16.973,2.143,1.000,0.000,0.000,0.000,1.000,0.000,0.043,0.022,0.259,-1
sofa,18.619,-14.106,0.344,-1.000,0.000,0.000,0.000,-1.000,0.000,0.602,0.821,0.387,2
storage,23.927,-14.661,0.417,0.000,1.000,0.000,-1.000,0.000,0.000,2.293,0.388,0.518,1
