label,px,py,pz,a0x,a0y,a0z,a1x,a1y,a1z,r0,r1,r2,sym
picture,-28.279,0.007,5.008,0.707,-0.707,0.000,0.707,0.707,0.000,0.598,0.041,0.539,1
picture,-30.042,1.770,4.948,-0.707,0.707,0.000,-0.707,-0.707,0.000,0.579,0.031,0.439,1
picture,-35.393,2.231,4.981,1.000,0.000,0.000,0.000,1.000,0.000,1.135,0.066,0.885,1
picture,-31.503,3.551,5.307,1.000,0.000,-0.000,0.000,1.000,0.000,0.625,0.063,0.758,1
picture,-41.915,-0.088,4.808,-0.707,0.707,0.000,-0.707,-0.707,0.000,0.438,0.020,0.379,1
picture,-25.612,-2.658,5.187,-0.707,0.707,0.000,-0.707,-0.707,0.000,0.778,0.030,0.638,1
picture,-28.645,-2.195,5.127,0.707,-0.707,0.000,0.707,0.707,0.000,0.779,0.032,0.618,1
picture,-38.668,2.293,5.048,-1.000,0.000,0.000,0.000,-1.000,0.000,0.541,0.019,0.579,1
picture,-25.829,-5.020,5.027,0.707,-0.707,0.000,0.707,0.707,0.000,0.339,0.014,0.440,1
