label,px,py,pz,a0x,a0y,a0z,a1x,a1y,a1z,r0,r1,r2,sym
other,-24.360,1.192,3.716,1.000,0.000,0.000,0.000,1.000,0.000,1.073,0.040,0.381,-1
picture,-23.625,3.921,4.928,1.000,0.000,-0.000,0.000,1.000,0.000,0.481,0.170,0.831,1
storage,-24.231,3.336,3.691,-1.000,0.000,0.000,0.000,-1.000,0.000,0.666,0.040,0.355,1
picture,-24.245,0.909,4.795,-1.000,0.000,0.000,0.000,-1.000,0.000,1.278,0.363,1.269,1
other,-24.038,3.622,4.289,-1.000,0.000,0.000,0.000,-1.000,0.000,0.864,0.346,0.311,-1
chair,-23.483,3.073,3.832,-1.000,0.000,0.000,0.000,-1.000,0.000,0.344,0.258,0.508,2
picture,-23.161,3.445,5.093,0.000,1.000,0.000,-1.000,0.000,0.000,0.416,0.027,0.581,1
chair,-23.496,1.428,3.833,-1.000,0.000,0.000,0.000,-1.000,0.000,0.346,0.278,0.497,2
other,-24.304,0.900,4.070,1.000,0.000,0.000,0.000,1.000,0.000,1.134,0.302,0.103,-1
