label,px,py,pz,a0x,a0y,a0z,a1x,a1y,a1z,r0,r1,r2,sym
other,4.440,-0.940,0.784,1.000,0.000,0.000,0.000,1.000,0.000,0.151,0.082,0.060,-1
other,4.350,-0.518,0.623,0.000,1.000,0.000,-1.000,0.000,0.000,0.585,0.281,0.148,-1
other,3.831,0.000,1.036,1.000,0.000,0.000,0.000,1.000,0.000,0.105,0.081,0.192,-1
other,4.372,-0.547,0.773,0.000,1.000,0.000,-1.000,0.000,0.000,0.326,0.241,0.099,-1
other,4.456,-1.278,0.144,0.000,1.000,0.000,-1.000,0.000,0.000,0.166,0.142,0.163,-1
other,4.250,-1.649,0.383,-1.000,-0.000,-0.000,0.000,-1.000,0.000,0.387,0.288,0.412,-1
picture,4.623,-0.531,1.476,0.000,1.000,-0.000,-1.000,0.000,0.000,0.478,0.074,0.560,1
other,4.332,-1.750,2.073,1.000,0.000,0.000,0.000,1.000,0.000,0.118,0.109,0.014,-1
other,4.354,-0.520,0.466,0.000,1.000,0.000,-1.000,0.000,0.000,0.586,0.286,0.261,-1
