label,px,py,pz,a0x,a0y,a0z,a1x,a1y,a1z,r0,r1,r2,sym
other,8.024,2.745,0.831,1.000,0.000,0.000,0.000,1.000,0.000,0.757,0.275,0.273,-1
other,7.704,3.521,2.922,-1.000,0.000,0.000,-0.000,-1.000,0.000,0.216,0.207,0.061,-1
other,7.660,4.458,0.516,-1.000,0.000,0.000,-0.000,-1.000,0.000,1.152,0.416,0.250,-1
picture,8.066,2.492,1.592,-1.000,0.000,0.000,-0.000,-1.000,0.000,0.710,0.036,1.281,1
other,8.002,2.720,1.065,-1.000,0.000,0.000,-0.000,-1.000,0.000,0.495,0.252,0.165,-1
other,6.794,3.728,0.687,1.000,0.000,0.000,0.000,1.000,0.000,0.295,0.277,0.419,-1
other,6.594,4.514,1.335,0.000,1.000,0.000,-1.000,0.000,0.000,0.377,0.087,0.278,-1
other,6.582,4.390,1.387,0.000,1.000,0.000,-1.000,0.000,0.000,0.256,0.082,0.206,-1
other,8.698,2.699,1.346,0.000,1.000,-0.000,-1.000,0.000,0.000,0.119,0.086,0.266,-1
