label,px,py,pz,a0x,a0y,a0z,a1x,a1y,a1z,r0,r1,r2,sym
other,0.372,-4.985,1.193,0.383,0.924,-0.000,-0.924,0.383,0.000,0.099,0.080,0.198,-1
other,1.985,-5.208,0.431,-0.000,-1.000,0.000,1.000,-0.000,0.000,0.305,0.234,0.397,-1
other,2.781,-5.620,0.293,0.000,1.000,0.000,-1.000,0.000,0.000,0.585,0.391,0.251,-1
other,1.177,-5.063,0.836,1.000,0.000,0.000,0.000,1.000,0.000,0.236,0.152,0.100,-1
other,1.952,-5.463,2.739,0.000,1.000,0.000,-1.000,0.000,0.000,0.243,0.153,0.034,-1
other,1.976,-6.179,1.132,-1.000,0.000,0.000,-0.000,-1.000,0.000,0.361,0.057,0.353,-1
other,0.958,-5.030,1.037,1.000,0.000,0.000,0.000,1.000,0.000,0.638,0.289,0.204,-1
storage,2.000,-4.979,1.850,-1.000,0.000,0.000,-0.000,-1.000,0.000,0.437,0.123,0.557,1
other,1.050,-5.107,0.470,1.000,0.000,0.000,0.000,1.000,0.000,0.724,0.237,0.435,-1
