label,px,py,pz,a0x,a0y,a0z,a1x,a1y,a1z,r0,r1,r2,sym
storage,-12.216,5.784,3.280,0.000,1.000,0.000,-1.000,0.000,0.000,0.765,0.245,0.416,1
decor,-12.216,6.281,4.075,0.000,1.000,0.000,-1.000,0.000,0.000,0.161,0.151,0.145,0
decor,-12.317,5.195,3.860,-0.707,0.707,0.000,-0.707,-0.707,0.000,0.241,0.115,0.163,0
picture,-8.761,7.720,4.288,-1.000,0.000,0.000,-0.000,-1.000,0.000,0.286,0.023,0.443,1
table,-8.266,7.075,3.233,0.000,1.000,-0.000,-1.000,0.000,0.000,0.284,0.240,0.369,0
picture,-11.657,7.710,4.334,1.000,0.000,0.000,0.000,1.000,0.000,0.232,0.030,0.469,1
bed,-9.134,5.946,3.444,-1.000,-0.000,-0.000,0.000,-1.000,0.000,1.211,0.922,0.585,2
table,-8.223,4.935,3.261,0.707,0.707,-0.000,-0.707,0.707,0.000,0.350,0.258,0.407,0
sofa,-10.465,5.868,3.181,-1.000,0.000,0.000,0.000,-1.000,0.000,0.307,0.746,0.305,2
