label,px,py,pz,a0x,a0y,a0z,a1x,a1y,a1z,r0,r1,r2,sym
table,-4.549,5.160,0.351,0.383,0.924,0.000,-0.924,0.383,0.000,0.356,0.324,0.374,0
picture,-4.337,5.361,1.557,-0.924,0.383,0.000,-0.383,-0.924,0.000,0.338,0.016,0.226,1
chair,-5.543,4.680,0.427,-0.383,0.924,-0.000,-0.924,-0.383,0.000,0.338,0.489,0.446,2
picture,-6.790,5.622,1.660,-0.924,-0.383,0.000,0.383,-0.924,0.000,0.266,0.060,0.223,1
chair,-6.542,5.305,0.406,1.000,0.000,-0.000,0.000,1.000,0.000,0.273,0.458,0.423,2
chair,-5.257,5.328,0.378,-0.924,-0.383,0.000,0.383,-0.924,0.000,0.260,0.277,0.396,2
table,-5.856,5.081,0.617,1.000,0.000,0.000,0.000,1.000,0.000,0.551,0.500,0.137,0
picture,-7.094,5.410,1.439,0.924,0.383,-0.000,-0.383,0.924,0.000,0.078,0.027,0.202,1
chair,-6.097,4.544,0.471,0.383,0.924,0.000,-0.924,0.383,0.000,0.342,0.316,0.484,2
