label,px,py,pz,a0x,a0y,a0z,a1x,a1y,a1z,r0,r1,r2,sym
sofa,-20.038,9.411,0.584,1.000,0.000,0.000,0.000,1.000,0.000,0.638,0.410,0.333,2
storage,-18.870,10.562,0.634,1.000,0.000,0.000,0.000,1.000,0.000,0.408,0.284,0.381,1
storage,-16.878,10.033,1.242,-0.924,0.383,0.000,-0.383,-0.924,0.000,1.630,0.283,1.001,1
sofa,-15.806,7.762,0.535,-0.707,0.707,0.000,-0.707,-0.707,0.000,0.483,0.433,0.327,2
table,-16.391,6.953,0.479,0.383,0.924,0.000,-0.924,0.383,0.000,0.381,0.365,0.249,0
storage,-20.687,10.047,1.265,0.924,-0.383,0.000,0.383,0.924,-0.000,0.213,0.734,1.002,1
sofa,-17.820,7.691,0.623,0.383,0.924,-0.000,-0.924,0.383,0.000,0.525,1.344,0.391,2
tv,-16.871,9.913,1.229,-0.383,-0.924,0.000,0.924,-0.383,0.000,0.081,0.412,0.345,2
table,-19.175,8.597,0.472,-0.924,0.383,0.000,-0.383,-0.924,0.000,0.399,0.343,0.225,0
