label,px,py,pz,a0x,a0y,a0z,a1x,a1y,a1z,r0,r1,r2,sym
table,5.267,-1.897,3.630,0.000,1.000,0.000,-1.000,0.000,0.000,0.551,0.170,0.436,0
decor,5.329,-3.585,4.235,-0.707,-0.707,0.000,0.707,-0.707,0.000,0.184,0.123,0.331,0
sofa,3.227,-2.346,3.532,1.000,-0.000,-0.000,0.000,1.000,-0.000,0.273,0.684,0.327,2
bed,2.131,-2.342,3.654,1.000,0.000,0.000,0.000,1.000,0.000,1.292,0.934,0.460,2
decor,4.121,-3.643,4.092,1.000,0.000,0.000,0.000,1.000,0.000,0.262,0.262,0.898,0
chair,5.072,-3.111,3.881,0.383,0.924,-0.000,-0.924,0.383,0.000,0.323,0.203,0.341,2
decor,3.201,-2.175,2.614,-0.707,0.707,0.000,-0.707,-0.707,0.000,0.286,0.283,0.148,0
chair,5.226,-0.241,4.005,-0.707,-0.707,0.000,0.707,-0.707,0.000,0.431,0.431,0.643,2
chair,5.344,-2.155,3.631,0.000,1.000,0.000,-1.000,0.000,0.000,0.825,0.325,0.425,2
