label,px,py,pz,a0x,a0y,a0z,a1x,a1y,a1z,r0,r1,r2,sym
sofa,11.553,-2.042,-2.169,0.000,1.000,0.000,-1.000,0.000,0.000,0.427,0.429,0.441,2
decor,11.508,-2.295,0.317,-1.000,0.000,0.000,-0.000,-1.000,0.000,0.660,0.243,0.303,0
picture,11.371,0.910,-1.435,-1.000,0.000,0.000,-0.000,-1.000,0.000,0.750,0.025,0.583,1
picture,13.282,0.018,-1.321,0.000,1.000,0.000,-1.000,0.000,0.000,0.348,0.013,0.272,1
storage,8.532,-0.112,-1.785,-1.000,0.000,0.000,-0.000,-1.000,0.000,0.667,0.025,1.073,1
chair,12.676,0.346,-2.350,-0.707,-0.707,0.000,0.707,-0.707,0.000,0.337,0.396,0.230,2
table,11.013,-0.788,0.312,0.000,1.000,0.000,-1.000,0.000,0.000,0.405,0.399,0.277,0
table,8.812,0.145,0.426,0.000,1.000,-0.000,-1.000,0.000,0.000,0.366,0.195,0.401,0
picture,12.834,-2.476,-1.353,-1.000,0.000,0.000,-0.000,-1.000,0.000,0.278,0.018,0.328,1
