label,px,py,pz,a0x,a0y,a0z,a1x,a1y,a1z,r0,r1,r2,sym
tv,-30.636,-9.915,4.278,-0.383,0.924,-0.000,-0.924,-0.383,0.000,0.059,0.296,0.182,2
picture,-34.949,-6.542,4.920,0.707,-0.707,0.000,0.707,0.707,0.000,0.265,0.015,0.223,1
sofa,-30.663,-8.754,4.050,-0.924,0.383,0.000,-0.383,-0.924,0.000,0.373,0.384,0.372,2
picture,-33.037,-5.000,5.882,1.000,0.000,0.000,0.000,1.000,0.000,0.568,0.034,0.416,1
other,-34.420,-10.235,5.178,-1.000,0.000,0.000,0.000,-1.000,0.000,0.313,0.046,1.177,-1
other,-33.023,-4.884,4.398,1.000,0.000,-0.000,0.000,1.000,0.000,1.019,0.622,1.058,-1
tv,-34.591,-9.617,4.824,0.924,0.383,-0.000,-0.383,0.924,0.000,0.079,0.540,0.349,2
picture,-31.096,-10.249,5.076,-1.000,0.000,0.000,0.000,-1.000,0.000,0.478,0.028,0.506,1
tv,-31.164,-9.924,4.335,0.000,1.000,-0.000,-1.000,0.000,0.000,0.063,0.301,0.190,2
