label,px,py,pz,a0x,a0y,a0z,a1x,a1y,a1z,r0,r1,r2,sym
other,-2.249,-4.989,1.556,0.707,0.707,-0.000,-0.707,0.707,0.000,0.066,0.051,0.124,-1
picture,-2.223,-5.377,1.767,0.707,0.707,-0.000,-0.707,0.707,0.000,0.208,0.024,0.215,1
other,-4.104,-5.614,1.205,0.707,-0.707,0.000,0.707,0.707,0.000,0.102,0.094,0.223,-1
decor,-0.730,-4.965,1.724,-0.383,0.924,0.000,-0.924,-0.383,0.000,0.179,0.177,0.563,0
other,-3.853,-5.256,1.056,0.707,0.707,0.000,-0.707,0.707,0.000,0.342,0.259,0.084,-1
other,-2.527,-5.136,0.370,-0.707,-0.707,-0.000,0.707,-0.707,0.000,0.350,0.277,0.329,-1
other,-2.696,-4.844,0.173,0.924,-0.383,-0.000,0.383,0.924,0.000,0.135,0.124,0.139,-1
picture,-2.541,-5.689,1.459,0.707,0.707,-0.000,-0.707,0.707,0.000,0.200,0.018,0.214,1
picture,-3.947,-4.998,1.712,0.707,0.707,0.000,-0.707,0.707,0.000,0.445,0.016,0.306,1
