label,px,py,pz,a0x,a0y,a0z,a1x,a1y,a1z,r0,r1,r2,sym
other,5.497,-19.513,1.493,1.000,0.000,0.000,0.000,1.000,0.000,0.515,0.232,1.757,-1
other,9.205,-21.297,1.596,0.000,1.000,-0.000,-1.000,0.000,0.000,1.534,0.217,1.885,-1
other,3.081,-22.584,1.679,0.707,0.707,-0.000,-0.707,0.707,0.000,0.105,0.082,0.172,-1
other,7.672,-19.718,1.674,1.000,0.000,0.000,0.000,1.000,0.000,1.729,0.084,1.952,-1
other,5.297,-23.615,1.716,-0.924,0.383,0.000,-0.383,-0.924,0.000,0.126,0.092,0.160,-1
table,7.304,-21.888,-0.090,1.000,0.000,0.000,0.000,1.000,0.000,0.722,0.712,0.222,0
chair,7.621,-20.911,-0.031,-0.383,-0.924,0.000,0.924,-0.383,0.000,0.231,0.172,0.046,2
other,10.167,-22.665,1.513,1.000,0.000,0.000,0.000,1.000,0.000,1.082,0.175,1.797,-1
other,11.217,-24.216,1.144,0.000,1.000,0.000,-1.000,0.000,0.000,1.605,0.050,1.287,-1
