label,px,py,pz,a0x,a0y,a0z,a1x,a1y,a1z,r0,r1,r2,sym
chair,-3.661,6.617,0.562,1.000,0.000,0.000,0.000,1.000,0.000,0.609,0.605,0.559,2
chair,2.740,7.765,0.683,0.000,1.000,-0.000,-1.000,0.000,0.000,0.327,0.610,0.645,2
decor,3.014,8.721,4.628,-0.707,-0.707,0.000,0.707,-0.707,0.000,0.295,0.275,1.559,0
storage,0.583,11.226,0.918,1.000,0.000,0.000,0.000,1.000,0.000,0.820,0.319,0.926,1
decor,1.664,11.232,0.904,1.000,0.000,0.000,0.000,1.000,0.000,0.401,0.354,0.886,0
decor,-1.448,9.122,2.637,0.707,0.707,-0.000,-0.707,0.707,0.000,0.353,0.322,0.473,0
decor,3.848,7.925,1.185,0.924,0.383,-0.000,-0.383,0.924,0.000,0.689,0.557,1.187,0
table,-1.448,9.117,0.601,-0.383,0.924,0.000,-0.924,-0.383,0.000,0.796,0.787,0.596,0
chair,2.473,10.713,0.459,-1.000,0.000,0.000,0.000,-1.000,0.000,0.384,0.686,0.455,2
