label,px,py,pz,a0x,a0y,a0z,a1x,a1y,a1z,r0,r1,r2,sym
other,9.697,-0.607,4.458,0.000,1.000,0.000,-1.000,0.000,0.000,0.291,0.156,0.058,-1
other,9.186,-0.608,4.465,1.000,0.000,0.000,0.000,1.000,0.000,0.311,0.183,0.065,-1
other,9.616,-0.544,4.455,0.000,1.000,0.000,-1.000,0.000,0.000,0.225,0.097,0.055,-1
other,7.951,-0.603,4.484,-1.000,0.000,0.000,-0.000,-1.000,0.000,0.273,0.218,0.084,-1
picture,9.828,0.209,5.013,0.000,1.000,-0.000,-1.000,0.000,0.000,0.425,0.028,0.494,1
other,8.585,-0.594,4.432,1.000,0.000,0.000,0.000,1.000,0.000,1.264,0.311,0.101,-1
picture,8.611,-0.909,5.166,-1.000,0.000,0.000,-0.000,-1.000,0.000,1.225,0.017,0.420,1
other,8.926,-0.576,4.096,1.000,0.000,0.000,0.000,1.000,0.000,0.930,0.286,0.383,-1
other,9.387,1.305,3.969,-0.000,-1.000,-0.000,1.000,0.000,0.000,0.359,0.242,0.339,-1
