label,px,py,pz,a0x,a0y,a0z,a1x,a1y,a1z,r0,r1,r2,sym
other,3.752,-6.067,0.857,1.000,0.000,0.000,0.000,1.000,0.000,0.224,0.164,0.077,-1
picture,4.247,-6.409,1.573,1.000,0.000,0.000,0.000,1.000,0.000,0.867,0.077,0.533,1
other,5.495,-5.965,0.561,0.000,1.000,-0.000,-1.000,0.000,0.000,0.392,0.275,0.536,-1
other,4.712,-6.056,0.854,1.000,0.000,0.000,0.000,1.000,0.000,0.226,0.161,0.077,-1
other,4.232,-6.080,0.808,1.000,0.000,0.000,0.000,1.000,0.000,0.872,0.298,0.243,-1
other,6.340,-5.604,0.292,0.000,1.000,0.000,-1.000,0.000,0.000,0.742,0.469,0.288,-1
picture,4.641,-4.893,1.534,1.000,0.000,0.000,0.000,1.000,0.000,0.353,0.010,0.246,1
other,5.400,-4.954,1.128,1.000,0.000,0.000,0.000,1.000,0.000,0.277,0.107,0.272,-1
picture,5.379,-4.885,1.660,1.000,0.000,0.000,0.000,1.000,0.000,0.214,0.018,0.214,1
