label,px,py,pz,a0x,a0y,a0z,a1x,a1y,a1z,r0,r1,r2,sym
other,2.404,-0.455,-1.813,1.000,0.000,0.000,0.000,1.000,0.000,1.080,0.308,0.019,-1
storage,1.657,1.188,-1.649,1.000,0.000,0.000,0.000,1.000,0.000,0.352,0.033,1.081,1
other,2.297,-0.403,0.262,0.000,1.000,0.000,-1.000,0.000,0.000,0.408,0.250,0.275,-1
other,1.687,-0.630,0.572,0.000,1.000,-0.000,-1.000,0.000,0.000,0.352,0.343,0.412,-1
other,1.786,-0.468,-1.947,1.000,0.000,0.000,0.000,1.000,0.000,0.264,0.236,0.137,-1
storage,2.323,-0.026,-2.096,-0.707,0.707,0.000,-0.707,-0.707,0.000,0.917,0.807,0.650,1
storage,2.409,-0.569,-0.865,1.000,0.000,0.000,0.000,1.000,0.000,1.106,0.214,0.554,1
storage,2.329,1.283,-1.490,1.000,0.000,0.000,0.000,1.000,0.000,0.433,0.127,0.887,1
decor,1.446,-0.790,0.577,0.000,1.000,0.000,-1.000,0.000,0.000,6.984,3.761,4.777,0
