label,px,py,pz,a0x,a0y,a0z,a1x,a1y,a1z,r0,r1,r2,sym
chair,-3.382,-2.287,0.323,-1.000,0.000,0.000,-0.000,-1.000,0.000,0.398,0.328,0.301,2
chair,-3.282,0.719,-2.874,-0.707,-0.707,-0.000,0.707,-0.707,0.000,0.439,0.397,0.431,2
picture,-6.470,0.564,-1.657,0.000,1.000,-0.000,-1.000,0.000,0.000,0.321,0.023,0.365,1
table,-4.005,-2.678,-1.962,1.000,0.000,0.000,0.000,1.000,0.000,1.039,0.286,1.361,0
table,-3.961,0.825,-2.800,0.924,0.383,0.000,-0.383,0.924,0.000,0.216,0.215,0.112,0
sofa,-5.094,-1.197,-2.826,0.000,1.000,0.000,-1.000,0.000,0.000,1.473,1.398,0.492,2
table,-4.583,-0.666,-2.942,0.000,1.000,0.000,-1.000,0.000,0.000,0.592,0.588,0.355,0
storage,-3.272,-0.904,0.552,0.000,1.000,0.000,-1.000,0.000,0.000,0.683,0.281,0.529,1
table,-6.177,0.498,-2.603,0.000,1.000,-0.000,-1.000,0.000,0.000,0.552,0.325,0.703,0
