label,px,py,pz,a0x,a0y,a0z,a1x,a1y,a1z,r0,r1,r2,sym
storage,1.632,-7.002,0.570,1.000,0.000,0.000,0.000,1.000,0.000,0.626,0.281,0.512,1
decor,3.893,-4.163,1.048,0.383,0.924,-0.000,-0.924,0.383,0.000,0.119,0.105,0.210,0
bed,3.096,-5.178,0.732,-1.000,-0.000,-0.000,0.000,-1.000,0.000,1.037,0.754,0.691,2
picture,4.107,-5.184,1.784,0.000,1.000,-0.000,-1.000,0.000,0.000,0.306,0.025,0.354,1
chair,1.326,-4.526,0.586,1.000,0.000,0.000,0.000,1.000,0.000,0.302,0.248,0.546,2
table,3.874,-4.077,0.485,0.000,1.000,0.000,-1.000,0.000,0.000,0.461,0.244,0.457,0
decor,2.024,-7.071,1.194,-0.383,-0.924,0.000,0.924,-0.383,0.000,0.126,0.110,0.195,0
sofa,2.739,-7.002,0.298,0.000,1.000,0.000,-1.000,0.000,0.000,0.274,0.549,0.241,2
decor,1.242,-7.096,1.203,0.383,0.924,-0.000,-0.924,0.383,0.000,0.162,0.102,0.186,0
