label,px,py,pz,a0x,a0y,a0z,a1x,a1y,a1z,r0,r1,r2,sym
other,7.801,-5.633,2.494,0.000,1.000,0.000,-1.000,0.000,0.000,0.074,0.071,0.018,-1
decor,9.358,-6.667,1.871,-0.707,0.707,0.000,-0.707,-0.707,0.000,0.330,0.283,0.422,0
table,9.132,-6.178,1.246,0.000,1.000,-0.000,-1.000,0.000,0.000,0.566,0.533,1.188,0
storage,7.256,-5.176,1.055,1.000,-0.000,-0.000,0.000,1.000,-0.000,0.290,0.318,0.796,1
picture,9.157,-6.209,1.483,1.000,0.000,0.000,0.000,1.000,0.000,0.504,0.026,0.951,1
storage,9.511,-7.397,0.635,0.707,0.707,-0.000,-0.707,0.707,0.000,0.468,0.333,0.593,1
storage,9.973,-5.042,1.171,-0.000,-1.000,0.000,1.000,-0.000,0.000,0.179,0.611,1.108,1
storage,11.009,-5.128,1.213,-0.924,-0.383,0.000,0.383,-0.924,0.000,0.155,0.308,0.727,1
storage,7.223,-6.686,1.336,1.000,-0.000,-0.000,0.000,1.000,-0.000,0.270,1.368,1.048,1
