label,px,py,pz,a0x,a0y,a0z,a1x,a1y,a1z,r0,r1,r2,sym
other,8.793,3.654,-0.240,1.000,0.000,0.000,0.000,1.000,0.000,0.506,0.374,0.291,-1
other,5.718,4.226,1.813,0.000,1.000,0.000,-1.000,0.000,0.000,0.857,0.606,0.760,-1
other,7.946,4.596,-1.147,1.000,0.000,0.000,0.000,1.000,0.000,1.514,0.596,0.633,-1
other,5.603,3.150,0.548,0.000,1.000,0.000,-1.000,0.000,0.000,0.743,0.637,0.554,-1
decor,2.429,2.713,-1.391,0.707,0.707,-0.000,-0.707,0.707,0.000,0.191,0.129,0.386,0
other,7.299,4.138,1.998,-1.000,0.000,0.000,-0.000,-1.000,0.000,2.196,1.062,0.933,-1
other,6.217,3.163,1.134,0.000,1.000,-0.000,-1.000,0.000,0.000,0.756,0.074,0.954,-1
other,4.256,3.046,-1.685,1.000,0.000,0.000,0.000,1.000,0.000,1.973,0.633,1.008,-1
other,6.927,4.545,1.566,1.000,0.000,0.000,0.000,1.000,0.000,0.866,0.547,0.492,-1
