label,px,py,pz,a0x,a0y,a0z,a1x,a1y,a1z,r0,r1,r2,sym
other,2.379,18.196,-3.465,-0.000,-1.000,-0.000,1.000,0.000,0.000,0.161,0.135,0.097,-1
other,2.379,18.291,-3.232,-0.000,-1.000,-0.000,1.000,0.000,0.000,0.322,0.185,0.096,-1
other,1.537,17.384,-2.711,0.383,0.924,0.000,-0.924,0.383,0.000,0.273,0.155,0.084,-1
picture,1.370,17.402,-2.057,0.000,1.000,-0.000,-1.000,0.000,0.000,0.299,0.061,0.333,1
other,1.599,17.854,-2.634,-1.000,0.000,0.000,-0.000,-1.000,0.000,0.266,0.116,0.075,-1
other,1.854,17.392,-3.132,0.000,1.000,0.000,-1.000,0.000,0.000,0.562,0.025,0.433,-1
other,1.594,17.364,-2.695,0.000,1.000,0.000,-1.000,0.000,0.000,0.588,0.275,0.108,-1
other,1.397,17.438,-1.728,0.000,1.000,0.000,-1.000,0.000,0.000,0.532,0.083,0.116,-1
storage,3.848,17.650,-2.215,0.924,-0.383,0.000,0.383,0.924,-0.000,0.720,1.216,1.371,1
