label,px,py,pz,a0x,a0y,a0z,a1x,a1y,a1z,r0,r1,r2,sym
other,-13.598,-1.826,0.746,0.000,1.000,0.000,-1.000,0.000,0.000,0.244,0.086,0.077,-1
other,-12.947,-5.748,0.496,0.000,1.000,0.000,-1.000,0.000,0.000,0.190,0.083,0.104,-1
other,-13.425,-4.747,1.026,1.000,0.000,0.000,0.000,1.000,0.000,0.265,0.201,1.040,-1
other,-13.521,-3.716,0.763,0.000,1.000,0.000,-1.000,0.000,0.000,0.269,0.161,0.072,-1
other,-13.696,-5.773,0.722,0.000,1.000,0.000,-1.000,0.000,0.000,1.180,0.159,0.577,-1
other,-13.309,-5.741,0.307,0.000,1.000,0.000,-1.000,0.000,0.000,0.894,0.445,0.321,-1
other,-13.537,-2.767,0.445,0.000,1.000,0.000,-1.000,0.000,0.000,1.512,0.341,0.457,-1
decor,-13.731,-1.370,1.977,1.000,0.000,0.000,0.000,1.000,0.000,0.124,0.105,0.137,0
other,-12.586,-2.788,2.580,0.707,0.707,0.000,-0.707,0.707,0.000,0.313,0.296,0.144,-1
