label,px,py,pz,a0x,a0y,a0z,a1x,a1y,a1z,r0,r1,r2,sym
decor,14.192,7.865,1.405,1.000,0.000,0.000,0.000,1.000,0.000,0.257,0.117,0.315,0
picture,13.463,7.958,1.752,1.000,0.000,0.000,0.000,1.000,0.000,0.244,0.018,0.623,1
other,13.515,7.730,0.845,-1.000,0.000,0.000,-0.000,-1.000,0.000,0.279,0.229,0.100,-1
other,13.900,7.716,0.982,1.000,0.000,0.000,0.000,1.000,0.000,0.164,0.106,0.061,-1
other,14.994,7.717,0.821,-1.000,0.000,0.000,-0.000,-1.000,0.000,0.249,0.232,0.080,-1
picture,14.995,7.962,1.737,1.000,0.000,0.000,0.000,1.000,0.000,0.274,0.020,0.616,1
storage,14.238,7.649,0.589,-1.000,0.000,0.000,-0.000,-1.000,0.000,1.270,0.219,0.255,1
other,13.919,7.700,0.947,-0.707,0.707,0.000,-0.707,-0.707,0.000,0.207,0.169,0.106,-1
other,14.225,7.760,0.797,-1.000,0.000,0.000,-0.000,-1.000,0.000,1.300,0.339,0.156,-1
