label,px,py,pz,a0x,a0y,a0z,a1x,a1y,a1z,r0,r1,r2,sym
other,-1.508,-9.674,1.816,-0.383,0.924,0.000,-0.924,-0.383,0.000,0.066,0.065,0.154,-1
other,-2.372,-8.813,1.823,-0.383,0.924,0.000,-0.924,-0.383,0.000,0.062,0.061,0.130,-1
storage,-0.279,-8.469,1.331,-0.707,-0.707,0.000,0.707,-0.707,0.000,0.317,1.201,0.602,1
sofa,-4.798,-11.119,0.391,-0.707,0.707,0.000,-0.707,-0.707,0.000,0.684,1.281,0.400,2
other,-6.571,-9.960,0.628,0.707,0.707,0.000,-0.707,0.707,0.000,1.231,0.434,0.494,-1
other,-6.356,-9.955,1.662,-0.383,0.924,0.000,-0.924,-0.383,0.000,2.290,0.488,1.538,-1
chair,-4.211,-7.548,0.377,-0.924,-0.383,0.000,0.383,-0.924,0.000,0.262,0.137,0.322,2
other,-0.673,-10.531,1.793,0.000,1.000,0.000,-1.000,0.000,0.000,0.075,0.067,0.148,-1
picture,-6.911,-10.486,1.764,0.707,0.707,-0.000,-0.707,0.707,0.000,0.475,0.045,0.707,1
