label,px,py,pz,a0x,a0y,a0z,a1x,a1y,a1z,r0,r1,r2,sym
other,-5.495,-8.096,0.957,-1.000,0.000,0.000,-0.000,-1.000,0.000,2.056,0.332,0.193,-1
storage,-5.119,-5.993,0.480,-1.000,0.000,0.000,-0.000,-1.000,0.000,0.531,0.306,0.455,1
picture,-3.452,-7.816,1.613,0.000,1.000,-0.000,-1.000,0.000,0.000,0.158,0.012,0.213,1
other,-7.512,-6.572,2.051,1.000,0.000,0.000,0.000,1.000,0.000,0.023,0.015,0.608,-1
other,-5.981,-7.116,3.057,1.000,0.000,0.000,0.000,1.000,0.000,0.656,0.200,0.048,-1
storage,-5.498,-8.097,1.349,1.000,0.000,0.000,0.000,1.000,0.000,2.048,0.324,1.337,1
other,-7.019,-5.753,1.454,-1.000,0.000,0.000,-0.000,-1.000,0.000,0.231,0.058,0.689,-1
storage,-5.612,-5.904,2.420,1.000,0.000,0.000,0.000,1.000,0.000,1.015,0.198,0.556,1
tv,-3.649,-8.240,1.324,1.000,0.000,0.000,0.000,1.000,0.000,0.203,0.181,0.218,2
