label,px,py,pz,a0x,a0y,a0z,a1x,a1y,a1z,r0,r1,r2,sym
picture,6.789,-5.062,1.724,0.000,1.000,-0.000,-1.000,0.000,0.000,0.344,0.046,0.671,1
decor,6.798,-5.900,1.715,0.000,1.000,0.000,-1.000,0.000,0.000,0.199,0.051,0.197,0
picture,5.590,-4.980,1.761,-1.000,0.000,0.000,-0.000,-1.000,0.000,0.894,0.074,0.719,1
other,6.770,-5.894,1.176,0.000,1.000,-0.000,-1.000,0.000,0.000,0.152,0.083,0.258,-1
other,6.328,-5.122,1.164,-0.383,0.924,0.000,-0.924,-0.383,0.000,0.228,0.153,0.112,-1
other,5.972,-5.058,-0.686,0.000,1.000,0.000,-1.000,0.000,0.000,0.074,0.063,0.008,-1
other,5.776,-5.209,0.986,1.000,0.000,0.000,0.000,1.000,0.000,0.270,0.205,0.086,-1
other,5.773,-5.166,1.109,1.000,0.000,0.000,0.000,1.000,0.000,1.050,0.277,0.077,-1
decor,6.510,-5.151,1.288,1.000,0.000,0.000,0.000,1.000,0.000,0.314,0.274,0.252,0
