label,px,py,pz,a0x,a0y,a0z,a1x,a1y,a1z,r0,r1,r2,sym
picture,-31.778,-3.516,0.274,1.000,0.000,-0.000,0.000,1.000,0.000,0.371,0.025,0.420,1
picture,-28.120,-1.861,0.471,-1.000,0.000,0.000,0.000,-1.000,0.000,0.763,0.048,0.617,1
decor,-28.891,-3.264,-0.758,1.000,0.000,-0.000,0.000,1.000,0.000,0.209,0.193,0.644,0
decor,-31.277,-3.208,-0.781,1.000,0.000,-0.000,0.000,1.000,0.000,0.202,0.177,0.631,0
picture,-28.425,-3.522,0.274,-1.000,0.000,0.000,0.000,-1.000,0.000,0.349,0.021,0.420,1
picture,-24.186,-4.354,0.497,0.707,0.707,-0.000,-0.707,0.707,0.000,0.695,0.088,0.852,1
table,-24.297,-4.133,-0.811,0.707,0.707,0.000,-0.707,0.707,0.000,0.905,0.308,0.493,0
picture,-32.588,-1.850,0.405,-1.000,0.000,0.000,0.000,-1.000,0.000,0.791,0.043,0.656,1
storage,-35.975,-4.475,-0.936,-0.707,0.707,0.000,-0.707,-0.707,0.000,0.532,0.272,0.475,1
