label,px,py,pz,a0x,a0y,a0z,a1x,a1y,a1z,r0,r1,r2,sym
other,0.980,-1.529,0.882,-0.924,0.383,0.000,-0.383,-0.924,0.000,0.159,0.156,0.055,-1
tv,1.534,-2.089,1.148,-0.707,-0.707,0.000,0.707,-0.707,0.000,0.313,0.399,0.419,2
storage,0.807,-1.640,0.436,-0.707,0.707,0.000,-0.707,-0.707,0.000,0.397,0.018,0.418,1
storage,0.626,-1.108,0.427,0.707,0.707,-0.000,-0.707,0.707,0.000,0.265,0.236,0.416,1
other,0.848,-1.330,1.009,-0.707,0.707,0.000,-0.707,-0.707,0.000,0.559,0.275,0.182,-1
picture,1.117,-1.045,1.488,-0.707,0.707,0.000,-0.707,-0.707,0.000,0.594,0.204,0.697,1
table,-0.557,-1.537,0.420,1.000,-0.000,-0.000,0.000,1.000,-0.000,0.268,0.938,0.415,0
chair,-0.361,-1.997,0.436,-1.000,0.000,0.000,-0.000,-1.000,0.000,0.246,0.328,0.435,2
sofa,-0.390,-2.499,0.445,1.000,-0.000,-0.000,0.000,1.000,-0.000,0.448,0.138,0.436,2
