label,px,py,pz,a0x,a0y,a0z,a1x,a1y,a1z,r0,r1,r2,sym
table,-4.404,11.637,0.445,-0.000,-1.000,-0.000,1.000,0.000,0.000,0.424,0.782,0.424,0
picture,-3.318,7.428,1.019,1.000,0.000,0.000,0.000,1.000,0.000,0.237,0.011,0.758,1
tv,-5.707,8.788,1.131,1.000,-0.000,-0.000,0.000,1.000,-0.000,0.075,0.381,0.308,2
bed,-4.763,8.148,3.766,0.000,1.000,0.000,-1.000,0.000,0.000,1.120,0.910,0.661,2
sofa,-5.173,11.170,3.491,-0.000,-1.000,-0.000,1.000,0.000,0.000,0.335,0.900,0.394,2
storage,-0.518,8.896,1.405,-1.000,0.000,0.000,0.000,-1.000,0.000,0.350,1.621,1.395,1
storage,-3.242,10.129,3.695,0.000,1.000,0.000,-1.000,0.000,0.000,0.828,0.256,0.594,1
chair,-4.697,11.322,0.469,-0.924,-0.383,0.000,0.383,-0.924,0.000,0.245,0.337,0.457,2
storage,-5.941,9.132,1.369,0.000,1.000,-0.000,-1.000,0.000,0.000,0.848,0.372,1.350,1
