label,px,py,pz,a0x,a0y,a0z,a1x,a1y,a1z,r0,r1,r2,sym
table,-10.038,4.369,0.259,0.924,-0.383,0.000,0.383,0.924,0.000,0.319,0.253,0.260,0
table,-7.670,3.448,0.268,0.924,-0.383,0.000,0.383,0.924,0.000,0.322,0.237,0.262,0
decor,-10.047,4.311,0.839,0.924,-0.383,-0.000,0.383,0.924,0.000,0.205,0.189,0.343,0
bed,-8.500,4.759,0.464,0.383,0.924,0.000,-0.924,0.383,0.000,1.184,0.955,0.466,2
tv,-6.681,6.558,1.738,-0.707,-0.707,-0.000,0.707,-0.707,0.000,0.088,0.560,0.388,2
chair,-6.335,4.142,0.344,-1.000,0.000,-0.000,0.000,-1.000,0.000,0.453,0.357,0.339,2
other,-8.666,4.633,3.111,0.924,-0.383,0.000,0.383,0.924,0.000,1.829,1.324,0.039,-1
table,-9.567,6.644,3.357,-0.924,0.383,0.000,-0.383,-0.924,0.000,0.279,0.235,0.261,0
decor,-7.627,3.341,0.631,0.383,0.924,0.000,-0.924,0.383,0.000,0.091,0.087,0.124,0
