label,px,py,pz,a0x,a0y,a0z,a1x,a1y,a1z,r0,r1,r2,sym
sofa,-4.084,6.185,3.958,0.707,-0.707,-0.000,0.707,0.707,-0.000,0.469,0.952,0.542,2
storage,-5.420,3.570,-0.648,0.000,1.000,0.000,-1.000,0.000,0.000,0.455,0.096,0.346,1
other,-2.370,5.542,3.450,-0.707,0.707,0.000,-0.707,-0.707,0.000,0.937,0.743,0.039,-1
storage,-1.777,4.100,1.902,0.000,1.000,-0.000,-1.000,0.000,0.000,0.988,0.284,0.993,1
storage,-1.951,4.094,0.389,0.000,1.000,0.000,-1.000,0.000,0.000,0.971,0.060,0.387,1
chair,-3.726,5.841,0.563,-0.000,-1.000,0.000,1.000,-0.000,0.000,0.376,0.273,0.543,2
decor,-4.864,6.419,1.459,1.000,0.000,0.000,0.000,1.000,0.000,0.601,0.517,1.122,0
other,-1.762,4.091,0.784,0.000,1.000,0.000,-1.000,0.000,0.000,0.969,0.249,0.074,-1
table,-1.990,3.400,3.755,0.383,0.924,-0.000,-0.924,0.383,0.000,0.256,0.215,0.337,0
