label,px,py,pz,a0x,a0y,a0z,a1x,a1y,a1z,r0,r1,r2,sym
sofa,-2.309,-2.194,-2.878,1.000,-0.000,-0.000,0.000,1.000,-0.000,1.365,1.537,0.465,2
picture,0.497,-4.141,-1.711,0.000,1.000,-0.000,-1.000,0.000,0.000,0.277,0.026,0.291,1
decor,-3.174,-4.130,-2.188,0.383,0.924,-0.000,-0.924,0.383,0.000,0.205,0.188,0.455,0
picture,0.514,-4.121,-2.378,0.000,1.000,-0.000,-1.000,0.000,0.000,0.276,0.026,0.303,1
tv,0.475,-2.524,-1.850,-1.000,0.000,0.000,-0.000,-1.000,0.000,0.048,0.703,0.421,2
table,-1.811,-2.496,-3.109,0.000,1.000,0.000,-1.000,0.000,0.000,0.546,0.543,0.242,0
table,-1.773,-4.238,-3.120,1.000,0.000,0.000,0.000,1.000,0.000,0.732,0.464,0.244,0
table,-3.016,-4.209,-3.001,-0.707,0.707,0.000,-0.707,-0.707,0.000,0.386,0.382,0.380,0
picture,0.495,-4.139,-1.096,0.000,1.000,-0.000,-1.000,0.000,0.000,0.290,0.029,0.308,1
