label,px,py,pz,a0x,a0y,a0z,a1x,a1y,a1z,r0,r1,r2,sym
picture,12.226,0.655,2.127,0.000,1.000,0.000,-1.000,0.000,0.000,0.269,0.041,0.246,1
picture,11.768,1.245,0.882,-1.000,0.000,0.000,-0.000,-1.000,0.000,0.283,0.023,0.550,1
sofa,11.904,-0.551,0.286,-1.000,0.000,0.000,0.000,-1.000,0.000,0.388,0.743,0.277,2
picture,12.255,0.674,1.195,0.000,1.000,-0.000,-1.000,0.000,0.000,0.275,0.015,0.275,1
sofa,7.874,-1.029,3.966,1.000,-0.000,-0.000,0.000,1.000,-0.000,0.174,0.761,0.336,2
picture,11.684,1.256,2.122,-1.000,0.000,0.000,-0.000,-1.000,0.000,0.365,0.030,0.391,1
picture,11.741,1.249,2.601,-1.000,0.000,0.000,-0.000,-1.000,0.000,0.281,0.024,0.307,1
picture,11.773,1.253,1.101,-1.000,0.000,0.000,-0.000,-1.000,0.000,0.289,0.022,0.450,1
picture,12.256,0.649,0.626,0.000,1.000,0.000,-1.000,0.000,0.000,0.250,0.012,0.244,1
