label,px,py,pz,a0x,a0y,a0z,a1x,a1y,a1z,r0,r1,r2,sym
table,-0.301,-13.018,-0.201,-1.000,0.000,0.000,-0.000,-1.000,0.000,0.158,0.137,0.397,0
storage,2.731,-11.829,-0.172,-1.000,0.000,0.000,0.000,-1.000,0.000,0.293,0.570,0.514,1
bed,0.677,-11.750,-0.107,1.000,-0.000,-0.000,0.000,1.000,-0.000,1.141,0.975,0.603,2
picture,-0.292,-9.824,0.666,0.000,1.000,-0.000,-1.000,0.000,0.000,0.355,0.148,0.446,1
decor,-0.294,-10.772,0.202,0.000,1.000,-0.000,-1.000,0.000,0.000,0.145,0.142,0.258,0
table,-0.190,-9.783,-0.204,0.000,1.000,0.000,-1.000,0.000,0.000,0.576,0.278,0.490,0
table,-0.221,-10.639,-0.314,0.000,1.000,-0.000,-1.000,0.000,0.000,0.282,0.219,0.371,0
decor,-0.288,-13.899,0.099,0.000,1.000,-0.000,-1.000,0.000,0.000,0.221,0.200,0.805,0
picture,3.039,-11.820,0.569,0.000,1.000,0.000,-1.000,0.000,0.000,0.414,0.184,0.409,1
