label,px,py,pz,a0x,a0y,a0z,a1x,a1y,a1z,r0,r1,r2,sym
chair,10.928,-7.877,0.188,-0.000,-1.000,-0.000,1.000,0.000,0.000,0.255,0.257,0.197,2
table,10.639,-9.976,0.401,0.000,1.000,0.000,-1.000,0.000,0.000,0.920,0.397,0.411,0
chair,11.331,-10.161,0.561,-1.000,0.000,0.000,-0.000,-1.000,0.000,0.379,0.375,0.551,2
decor,3.224,-10.393,0.443,-0.924,0.383,0.000,-0.383,-0.924,0.000,0.198,0.197,0.439,0
decor,5.909,-10.442,0.388,-0.707,0.707,0.000,-0.707,-0.707,0.000,0.197,0.195,0.385,0
chair,9.743,-10.234,0.570,0.924,0.383,-0.000,-0.383,0.924,0.000,0.387,0.419,0.558,2
picture,12.201,-10.376,2.144,0.000,1.000,0.000,-1.000,0.000,0.000,0.301,0.071,0.246,1
storage,8.282,-10.299,1.382,0.000,1.000,-0.000,-1.000,0.000,0.000,0.634,1.164,1.382,1
table,11.950,-9.150,0.508,0.000,1.000,-0.000,-1.000,0.000,0.000,0.452,0.314,0.480,0
