label,px,py,pz,a0x,a0y,a0z,a1x,a1y,a1z,r0,r1,r2,sym
chair,4.950,-0.399,0.416,-0.000,-1.000,-0.000,1.000,0.000,0.000,0.336,0.360,0.418,2
chair,6.541,-0.346,0.418,-0.000,-1.000,-0.000,1.000,0.000,0.000,0.338,0.430,0.419,2
chair,5.017,-1.690,0.408,0.000,1.000,-0.000,-1.000,0.000,0.000,0.360,0.346,0.417,2
storage,5.669,-4.180,1.236,-1.000,0.000,0.000,-0.000,-1.000,0.000,3.273,0.113,0.171,1
chair,6.494,-1.629,0.417,0.000,1.000,-0.000,-1.000,0.000,0.000,0.392,0.418,0.413,2
table,4.809,-3.879,0.296,-1.000,0.000,0.000,-0.000,-1.000,0.000,2.284,0.363,0.300,0
other,4.833,-0.938,3.909,1.000,0.000,0.000,0.000,1.000,0.000,0.106,0.097,0.136,-1
table,8.797,-2.862,0.292,0.000,1.000,0.000,-1.000,0.000,0.000,0.516,0.359,0.289,0
other,8.635,-0.989,3.926,0.707,0.707,-0.000,-0.707,0.707,0.000,0.112,0.098,0.135,-1
